   5.0090000e+04   1.6799999e-02
   5.0090050e+04   5.0799999e-02
   5.0090100e+04   1.0160000e-01
   5.0090150e+04   2.0320000e-01
   5.0090200e+04   3.7800002e-01
   5.0090250e+04   3.7800002e-01
   5.0090300e+04   3.8200003e-01
   5.0090350e+04   3.8200003e-01
   5.0090400e+04   3.8200003e-01
   5.0090450e+04   3.8600004e-01
   5.0090500e+04   3.9000002e-01
   5.0090550e+04   3.9000002e-01
   5.0090600e+04   3.9800003e-01
   5.0090650e+04   4.0000001e-01
   5.0090700e+04   4.0400001e-01
   5.0090750e+04   4.0400001e-01
   5.0090800e+04   4.1600004e-01
   5.0090850e+04   4.1600001e-01
   5.0090900e+04   4.2000002e-01
   5.0090950e+04   4.1600001e-01
   5.0091000e+04   4.2400002e-01
   5.0091050e+04   4.2400002e-01
   5.0091100e+04   4.2400002e-01
   5.0091150e+04   4.3600002e-01
   5.0091200e+04   4.3200001e-01
   5.0091250e+04   4.3600002e-01
   5.0091300e+04   4.4000003e-01
   5.0091350e+04   4.4400004e-01
   5.0091400e+04   4.4400004e-01
   5.0091450e+04   4.5200002e-01
   5.0091500e+04   4.5600003e-01
   5.0091550e+04   4.5600003e-01
   5.0091600e+04   4.6000004e-01
   5.0091650e+04   4.6800002e-01
   5.0091700e+04   4.6400002e-01
   5.0091750e+04   4.6800002e-01
   5.0091800e+04   4.7200003e-01
   5.0091850e+04   4.7200003e-01
   5.0091900e+04   4.8000002e-01
   5.0091950e+04   4.8000002e-01
   5.0092000e+04   4.9200004e-01
   5.0092050e+04   4.9200004e-01
   5.0092100e+04   4.9600002e-01
   5.0092150e+04   4.9600002e-01
   5.0092200e+04   5.0000000e-01
   5.0092250e+04   5.0800002e-01
   5.0092300e+04   5.0800002e-01
   5.0092350e+04   5.2400005e-01
   5.0092400e+04   5.1600003e-01
   5.0092450e+04   5.2400005e-01
   5.0092500e+04   5.2400005e-01
   5.0092550e+04   5.3200001e-01
   5.0092600e+04   5.3600001e-01
   5.0092650e+04   5.4400003e-01
   5.0092700e+04   5.4800004e-01
   5.0092750e+04   5.5200005e-01
   5.0092800e+04   5.5600005e-01
   5.0092850e+04   5.6000000e-01
   5.0092900e+04   5.6400001e-01
   5.0092950e+04   5.7200003e-01
   5.0093000e+04   5.7200003e-01
   5.0093050e+04   5.8000004e-01
   5.0093100e+04   5.8400005e-01
   5.0093150e+04   5.8800006e-01
   5.0093200e+04   6.0000002e-01
   5.0093250e+04   6.0000002e-01
   5.0093300e+04   6.0400003e-01
   5.0093350e+04   6.1600006e-01
   5.0093400e+04   6.1600006e-01
   5.0093450e+04   6.2400001e-01
   5.0093500e+04   6.2800002e-01
   5.0093550e+04   6.4000005e-01
   5.0093600e+04   6.3600004e-01
   5.0093650e+04   6.4800000e-01
   5.0093700e+04   6.5200001e-01
   5.0093750e+04   6.6400003e-01
   5.0093800e+04   6.6400003e-01
   5.0093850e+04   6.7200005e-01
   5.0093900e+04   6.8000001e-01
   5.0093950e+04   6.8800002e-01
   5.0094000e+04   7.0000005e-01
   5.0094050e+04   7.0800006e-01
   5.0094100e+04   7.0800006e-01
   5.0094150e+04   7.2800004e-01
   5.0094200e+04   7.3200005e-01
   5.0094250e+04   7.3600006e-01
   5.0094300e+04   7.4400002e-01
   5.0094350e+04   7.5200003e-01
   5.0094400e+04   7.6400006e-01
   5.0094450e+04   7.6800007e-01
   5.0094500e+04   7.8000003e-01
   5.0094550e+04   7.8800005e-01
   5.0094600e+04   7.9600006e-01
   5.0094650e+04   8.0000001e-01
   5.0094700e+04   8.1200004e-01
   5.0094750e+04   8.4000003e-01
   5.0094800e+04   8.4800005e-01
   5.0094850e+04   8.4800005e-01
   5.0094900e+04   8.8000005e-01
   5.0094950e+04   8.8000005e-01
   5.0095000e+04   8.8800007e-01
   5.0095050e+04   9.0400004e-01
   5.0095100e+04   9.2800009e-01
   5.0095150e+04   9.2800003e-01
   5.0095200e+04   9.5200008e-01
   5.0095250e+04   9.5200008e-01
   5.0095300e+04   9.6800005e-01
   5.0095350e+04   9.7600007e-01
   5.0095400e+04   9.8400009e-01
   5.0095450e+04   9.9200004e-01
   5.0095500e+04   1.0080000e+00
   5.0095550e+04   1.0320001e+00
   5.0095600e+04   1.0400001e+00
   5.0095650e+04   1.0640000e+00
   5.0095700e+04   1.0720000e+00
   5.0095750e+04   1.0880001e+00
   5.0095800e+04   1.1040001e+00
   5.0095850e+04   1.1120001e+00
   5.0095900e+04   1.1280000e+00
   5.0095950e+04   1.1600001e+00
   5.0096000e+04   1.1600001e+00
   5.0096050e+04   1.1680001e+00
   5.0096100e+04   1.1920000e+00
   5.0096150e+04   1.2080001e+00
   5.0096200e+04   1.2320001e+00
   5.0096250e+04   1.2480000e+00
   5.0096300e+04   1.2480000e+00
   5.0096350e+04   1.2800001e+00
   5.0096400e+04   1.2800001e+00
   5.0096450e+04   1.2960000e+00
   5.0096500e+04   1.3040000e+00
   5.0096550e+04   1.3280001e+00
   5.0096600e+04   1.3440001e+00
   5.0096650e+04   1.3600000e+00
   5.0096700e+04   1.3760000e+00
   5.0096750e+04   1.4080001e+00
   5.0096800e+04   1.4240000e+00
   5.0096850e+04   1.4320000e+00
   5.0096900e+04   1.4400001e+00
   5.0096950e+04   1.4400001e+00
   5.0097000e+04   1.4560001e+00
   5.0097050e+04   1.4800001e+00
   5.0097100e+04   1.4880000e+00
   5.0097150e+04   1.4880000e+00
   5.0097200e+04   1.4960001e+00
   5.0097250e+04   1.4960001e+00
   5.0097300e+04   1.5040001e+00
   5.0097350e+04   1.5200001e+00
   5.0097400e+04   1.5360001e+00
   5.0097450e+04   1.5200001e+00
   5.0097500e+04   1.5440001e+00
   5.0097550e+04   1.5360001e+00
   5.0097600e+04   1.5360001e+00
   5.0097650e+04   1.5280001e+00
   5.0097700e+04   1.5280001e+00
   5.0097750e+04   1.5360001e+00
   5.0097800e+04   1.5360001e+00
   5.0097850e+04   1.5200001e+00
   5.0097900e+04   1.5280001e+00
   5.0097950e+04   1.5120001e+00
   5.0098000e+04   1.4960001e+00
   5.0098050e+04   1.4880000e+00
   5.0098100e+04   1.4800001e+00
   5.0098150e+04   1.4800001e+00
   5.0098200e+04   1.4640001e+00
   5.0098250e+04   1.4640001e+00
   5.0098300e+04   1.4320000e+00
   5.0098350e+04   1.4240000e+00
   5.0098400e+04   1.4160001e+00
   5.0098450e+04   1.4000001e+00
   5.0098500e+04   1.3840001e+00
   5.0098550e+04   1.3600000e+00
   5.0098600e+04   1.3440001e+00
   5.0098650e+04   1.3360001e+00
   5.0098700e+04   1.3120000e+00
   5.0098750e+04   1.2960000e+00
   5.0098800e+04   1.2800001e+00
   5.0098850e+04   1.2560000e+00
   5.0098900e+04   1.2640001e+00
   5.0098950e+04   1.2400001e+00
   5.0099000e+04   1.2160001e+00
   5.0099050e+04   1.2000000e+00
   5.0099100e+04   1.1920000e+00
   5.0099150e+04   1.1680001e+00
   5.0099200e+04   1.1600001e+00
   5.0099250e+04   1.1360000e+00
   5.0099300e+04   1.1200000e+00
   5.0099350e+04   1.1120001e+00
   5.0099400e+04   1.0880001e+00
   5.0099450e+04   1.0880001e+00
   5.0099500e+04   1.0640000e+00
   5.0099550e+04   1.0400001e+00
   5.0099600e+04   1.0320001e+00
   5.0099650e+04   1.0080000e+00
   5.0099700e+04   1.0160000e+00
   5.0099750e+04   9.9200004e-01
   5.0099800e+04   9.8400009e-01
   5.0099850e+04   9.6800005e-01
   5.0099900e+04   9.6000004e-01
   5.0099950e+04   9.4400007e-01
   5.0100000e+04   9.2800003e-01
   5.0100050e+04   9.1200006e-01
   5.0100100e+04   8.9600003e-01
   5.0100150e+04   8.8000005e-01
   5.0100200e+04   8.9600003e-01
   5.0100250e+04   8.6400002e-01
   5.0100300e+04   8.6400002e-01
   5.0100350e+04   8.5600007e-01
   5.0100400e+04   8.4800005e-01
   5.0100450e+04   8.3200002e-01
   5.0100500e+04   8.1600004e-01
   5.0100550e+04   8.0000001e-01
   5.0100600e+04   7.8400004e-01
   5.0100650e+04   7.8400004e-01
   5.0100700e+04   7.6800007e-01
   5.0100750e+04   7.5200003e-01
   5.0100800e+04   7.4400002e-01
   5.0100850e+04   7.4000007e-01
   5.0100900e+04   7.2800004e-01
   5.0100950e+04   7.2400004e-01
   5.0101000e+04   7.0800006e-01
   5.0101050e+04   7.0000005e-01
   5.0101100e+04   6.9600004e-01
   5.0101150e+04   6.8400002e-01
   5.0101200e+04   6.8000007e-01
   5.0101250e+04   6.6800004e-01
   5.0101300e+04   6.5600002e-01
   5.0101350e+04   6.5600002e-01
   5.0101400e+04   6.4800000e-01
   5.0101450e+04   6.4000005e-01
   5.0101500e+04   6.4000005e-01
   5.0101550e+04   6.2800002e-01
   5.0101600e+04   6.2400001e-01
   5.0101650e+04   6.2000006e-01
   5.0101700e+04   6.1600006e-01
   5.0101750e+04   6.0800004e-01
   5.0101800e+04   5.9600002e-01
   5.0101850e+04   5.9200001e-01
   5.0101900e+04   5.8400005e-01
   5.0101950e+04   5.8000004e-01
   5.0102000e+04   5.7200003e-01
   5.0102050e+04   5.7200003e-01
   5.0102100e+04   5.6400001e-01
   5.0102150e+04   5.5600005e-01
   5.0102200e+04   5.5600005e-01
   5.0102250e+04   5.4800004e-01
   5.0102300e+04   5.4000002e-01
   5.0102350e+04   5.4000002e-01
   5.0102400e+04   5.3200001e-01
   5.0102450e+04   5.3600001e-01
   5.0102500e+04   5.2000004e-01
   5.0102550e+04   5.1600003e-01
   5.0102600e+04   5.1200002e-01
   5.0102650e+04   5.0800002e-01
   5.0102700e+04   5.0800002e-01
   5.0102750e+04   5.0000000e-01
   5.0102800e+04   4.9600002e-01
   5.0102850e+04   4.9200004e-01
   5.0102900e+04   4.8400003e-01
   5.0102950e+04   4.8000002e-01
   5.0103000e+04   4.7600004e-01
   5.0103050e+04   4.7600004e-01
   5.0103100e+04   4.7600004e-01
   5.0103150e+04   4.6800002e-01
   5.0103200e+04   4.6400005e-01
   5.0103250e+04   4.5600003e-01
   5.0103300e+04   4.6000004e-01
   5.0103350e+04   4.4800001e-01
   5.0103400e+04   4.4400004e-01
   5.0103450e+04   4.4400004e-01
   5.0103500e+04   4.4000003e-01
   5.0103550e+04   4.4400004e-01
   5.0103600e+04   4.4000003e-01
   5.0103650e+04   4.2800003e-01
   5.0103700e+04   4.2400002e-01
   5.0103750e+04   4.2400002e-01
   5.0103800e+04   4.2800003e-01
   5.0103850e+04   4.1600001e-01
   5.0103900e+04   4.2000002e-01
   5.0103950e+04   4.1200003e-01
   5.0104000e+04   4.0800002e-01
   5.0104050e+04   4.1200003e-01
   5.0104100e+04   4.0400001e-01
   5.0104150e+04   4.0800002e-01
   5.0104200e+04   4.0000001e-01
   5.0104250e+04   3.9200002e-01
   5.0104300e+04   3.8400003e-01
   5.0104350e+04   3.8800004e-01
   5.0104400e+04   3.7800002e-01
   5.0104450e+04   3.7600002e-01
   5.0104500e+04   3.7400001e-01
   5.0104550e+04   3.7400001e-01
   5.0104600e+04   3.7000003e-01
   5.0104650e+04   3.6600003e-01
   5.0104700e+04   3.6400002e-01
   5.0104750e+04   3.6000001e-01
   5.0104800e+04   3.6200002e-01
   5.0104850e+04   3.5600001e-01
   5.0104900e+04   3.5400003e-01
   5.0104950e+04   3.5200003e-01
   5.0105000e+04   3.5200003e-01
   5.0105050e+04   3.4800002e-01
   5.0105100e+04   3.4600002e-01
   5.0105150e+04   3.4600002e-01
   5.0105200e+04   3.4200001e-01
   5.0105250e+04   3.3600003e-01
   5.0105300e+04   3.3800003e-01
   5.0105350e+04   3.3600003e-01
   5.0105400e+04   3.3200002e-01
   5.0105450e+04   3.3400002e-01
   5.0105500e+04   3.2800001e-01
   5.0105550e+04   3.2400000e-01
   5.0105600e+04   3.2400003e-01
   5.0105650e+04   3.2400000e-01
   5.0105700e+04   3.2000002e-01
   5.0105750e+04   3.1800002e-01
   5.0105800e+04   3.1800002e-01
   5.0105850e+04   3.1600001e-01
   5.0105900e+04   3.1400001e-01
   5.0105950e+04   3.1200001e-01
   5.0106000e+04   3.1000003e-01
   5.0106050e+04   3.0800003e-01
   5.0106100e+04   3.0600002e-01
   5.0106150e+04   3.0600002e-01
   5.0106200e+04   3.0000001e-01
   5.0106250e+04   3.0400002e-01
   5.0106300e+04   3.0000001e-01
   5.0106350e+04   3.0000001e-01
   5.0106400e+04   2.9600003e-01
   5.0106450e+04   2.9400003e-01
   5.0106500e+04   2.9400003e-01
   5.0106550e+04   2.9200003e-01
   5.0106600e+04   2.9000002e-01
   5.0106650e+04   2.8800002e-01
   5.0106700e+04   2.8600001e-01
   5.0106750e+04   2.8600001e-01
   5.0106800e+04   2.8200001e-01
   5.0106850e+04   2.8400001e-01
   5.0106900e+04   2.8200001e-01
   5.0106950e+04   2.7800003e-01
   5.0107000e+04   2.7800003e-01
   5.0107050e+04   2.7600002e-01
   5.0107100e+04   2.7600002e-01
   5.0107150e+04   2.7400002e-01
   5.0107200e+04   2.7400002e-01
   5.0107250e+04   2.7000001e-01
   5.0107300e+04   2.7000001e-01
   5.0107350e+04   2.7000001e-01
   5.0107400e+04   2.7000001e-01
   5.0107450e+04   2.6200002e-01
   5.0107500e+04   2.6200002e-01
   5.0107550e+04   2.6400003e-01
   5.0107600e+04   2.6200002e-01
   5.0107650e+04   2.5800002e-01
   5.0107700e+04   2.5800002e-01
   5.0107750e+04   2.5600001e-01
   5.0107800e+04   2.5400001e-01
   5.0107850e+04   2.5800002e-01
   5.0107900e+04   2.5200000e-01
   5.0107950e+04   2.5200000e-01
   5.0108000e+04   2.5200000e-01
