   4.9500000e+04   6.4363800e-03   6.8166000e+01
   4.9510000e+04   6.4630800e-03   6.8166000e+01
   4.9520000e+04   6.4907400e-03   6.8160000e+01
   4.9530000e+04   6.5193500e-03   6.8148000e+01
   4.9540000e+04   6.5508200e-03   6.8142000e+01
   4.9550000e+04   6.5822900e-03   6.8130000e+01
   4.9560000e+04   6.6128100e-03   6.8154000e+01
   4.9570000e+04   6.6471400e-03   6.8142000e+01
   4.9580000e+04   6.6824300e-03   6.8124000e+01
   4.9590000e+04   6.7177100e-03   6.8136000e+01
   4.9600000e+04   6.7568100e-03   6.8118000e+01
   4.9610000e+04   6.7940100e-03   6.8124000e+01
   4.9620000e+04   6.8350100e-03   6.8100000e+01
   4.9630000e+04   6.8779300e-03   6.8112000e+01
   4.9640000e+04   6.9218000e-03   6.8100000e+01
   4.9650000e+04   6.9675700e-03   6.8100000e+01
   4.9660000e+04   7.0171700e-03   6.8076000e+01
   4.9670000e+04   7.0667600e-03   6.8064000e+01
   4.9680000e+04   7.1173000e-03   6.8064000e+01
   4.9690000e+04   7.1745200e-03   6.8052000e+01
   4.9700000e+04   7.2317400e-03   6.8058000e+01
   4.9710000e+04   7.2927800e-03   6.8028000e+01
   4.9720000e+04   7.3566700e-03   6.8028000e+01
   4.9730000e+04   7.4234300e-03   6.7998000e+01
   4.9740000e+04   7.4940000e-03   6.7992000e+01
   4.9750000e+04   7.5693400e-03   6.7986000e+01
   4.9760000e+04   7.6475400e-03   6.7974000e+01
   4.9770000e+04   7.7324200e-03   6.7974000e+01
   4.9780000e+04   7.8221000e-03   6.7944000e+01
   4.9790000e+04   7.9155600e-03   6.7944000e+01
   4.9800000e+04   8.0166500e-03   6.7914000e+01
   4.9810000e+04   8.1244100e-03   6.7920000e+01
   4.9820000e+04   8.2398100e-03   6.7914000e+01
   4.9830000e+04   8.3647400e-03   6.7908000e+01
   4.9840000e+04   8.4982500e-03   6.7884000e+01
   4.9850000e+04   8.6422600e-03   6.7866000e+01
   4.9860000e+04   8.8005700e-03   6.7860000e+01
   4.9870000e+04   8.9712700e-03   6.7848000e+01
   4.9880000e+04   9.1581900e-03   6.7818000e+01
   4.9890000e+04   9.3632300e-03   6.7800000e+01
   4.9900000e+04   9.5892500e-03   6.7788000e+01
   4.9900000e+04   9.5892500e-03   6.7788000e+01
   4.9900500e+04   9.5987900e-03   6.7770000e+01
   4.9901000e+04   9.6111900e-03   6.7776000e+01
   4.9901500e+04   9.6235900e-03   6.7788000e+01
   4.9902000e+04   9.6359800e-03   6.7770000e+01
   4.9902500e+04   9.6474300e-03   6.7782000e+01
   4.9903000e+04   9.6598300e-03   6.7776000e+01
   4.9903500e+04   9.6712700e-03   6.7770000e+01
   4.9904000e+04   9.6846200e-03   6.7770000e+01
   4.9904500e+04   9.6979700e-03   6.7788000e+01
   4.9905000e+04   9.7103700e-03   6.7782000e+01
   4.9905500e+04   9.7218200e-03   6.7776000e+01
   4.9906000e+04   9.7351700e-03   6.7764000e+01
   4.9906500e+04   9.7466100e-03   6.7764000e+01
   4.9907000e+04   9.7590100e-03   6.7758000e+01
   4.9907500e+04   9.7733100e-03   6.7770000e+01
   4.9908000e+04   9.7866700e-03   6.7764000e+01
   4.9908500e+04   9.7981100e-03   6.7764000e+01
   4.9909000e+04   9.8105100e-03   6.7776000e+01
   4.9909500e+04   9.8238600e-03   6.7752000e+01
   4.9910000e+04   9.8372100e-03   6.7740000e+01
   4.9910500e+04   9.8505600e-03   6.7752000e+01
   4.9911000e+04   9.8639100e-03   6.7746000e+01
   4.9911500e+04   9.8772600e-03   6.7740000e+01
   4.9912000e+04   9.8915700e-03   6.7746000e+01
   4.9912500e+04   9.9039700e-03   6.7752000e+01
   4.9913000e+04   9.9173200e-03   6.7746000e+01
   4.9913500e+04   9.9297200e-03   6.7734000e+01
   4.9914000e+04   9.9440200e-03   6.7746000e+01
   4.9914500e+04   9.9592800e-03   6.7734000e+01
   4.9915000e+04   9.9716800e-03   6.7740000e+01
   4.9915500e+04   9.9859800e-03   6.7740000e+01
   4.9916000e+04   1.0000300e-02   6.7752000e+01
   4.9916500e+04   1.0015500e-02   6.7746000e+01
   4.9917000e+04   1.0027000e-02   6.7746000e+01
   4.9917500e+04   1.0042300e-02   6.7722000e+01
   4.9918000e+04   1.0057500e-02   6.7740000e+01
   4.9918500e+04   1.0072800e-02   6.7722000e+01
   4.9919000e+04   1.0086100e-02   6.7722000e+01
   4.9919500e+04   1.0099500e-02   6.7722000e+01
   4.9920000e+04   1.0114700e-02   6.7734000e+01
   4.9920500e+04   1.0130000e-02   6.7722000e+01
   4.9921000e+04   1.0143300e-02   6.7704000e+01
   4.9921500e+04   1.0156700e-02   6.7716000e+01
   4.9922000e+04   1.0173900e-02   6.7716000e+01
   4.9922500e+04   1.0187200e-02   6.7728000e+01
   4.9923000e+04   1.0204400e-02   6.7716000e+01
   4.9923500e+04   1.0219600e-02   6.7716000e+01
   4.9924000e+04   1.0233000e-02   6.7722000e+01
   4.9924500e+04   1.0246300e-02   6.7716000e+01
   4.9925000e+04   1.0265400e-02   6.7704000e+01
   4.9925500e+04   1.0280700e-02   6.7698000e+01
   4.9926000e+04   1.0295900e-02   6.7716000e+01
   4.9926500e+04   1.0311200e-02   6.7710000e+01
   4.9927000e+04   1.0326400e-02   6.7716000e+01
   4.9927500e+04   1.0343600e-02   6.7722000e+01
   4.9928000e+04   1.0358900e-02   6.7716000e+01
   4.9928500e+04   1.0377900e-02   6.7698000e+01
   4.9929000e+04   1.0393200e-02   6.7692000e+01
   4.9929500e+04   1.0408500e-02   6.7698000e+01
   4.9930000e+04   1.0425600e-02   6.7698000e+01
   4.9930500e+04   1.0440900e-02   6.7704000e+01
   4.9931000e+04   1.0458100e-02   6.7704000e+01
   4.9931500e+04   1.0475200e-02   6.7704000e+01
   4.9932000e+04   1.0492400e-02   6.7698000e+01
   4.9932500e+04   1.0509600e-02   6.7686000e+01
   4.9933000e+04   1.0524800e-02   6.7680000e+01
   4.9933500e+04   1.0542000e-02   6.7698000e+01
   4.9934000e+04   1.0559100e-02   6.7692000e+01
   4.9934500e+04   1.0576300e-02   6.7686000e+01
   4.9935000e+04   1.0593500e-02   6.7692000e+01
   4.9935500e+04   1.0612500e-02   6.7692000e+01
   4.9936000e+04   1.0627800e-02   6.7674000e+01
   4.9936500e+04   1.0646900e-02   6.7674000e+01
   4.9937000e+04   1.0666000e-02   6.7674000e+01
   4.9937500e+04   1.0681200e-02   6.7656000e+01
   4.9938000e+04   1.0700300e-02   6.7662000e+01
   4.9938500e+04   1.0719400e-02   6.7668000e+01
   4.9939000e+04   1.0736500e-02   6.7656000e+01
   4.9939500e+04   1.0753700e-02   6.7662000e+01
   4.9940000e+04   1.0774700e-02   6.7644000e+01
   4.9940500e+04   1.0793700e-02   6.7650000e+01
   4.9941000e+04   1.0810900e-02   6.7650000e+01
   4.9941500e+04   1.0830000e-02   6.7632000e+01
   4.9942000e+04   1.0847200e-02   6.7644000e+01
   4.9942500e+04   1.0868100e-02   6.7656000e+01
   4.9943000e+04   1.0887200e-02   6.7650000e+01
   4.9943500e+04   1.0906300e-02   6.7638000e+01
   4.9944000e+04   1.0925400e-02   6.7632000e+01
   4.9944500e+04   1.0944400e-02   6.7638000e+01
   4.9945000e+04   1.0965400e-02   6.7632000e+01
   4.9945500e+04   1.0984500e-02   6.7638000e+01
   4.9946000e+04   1.1005500e-02   6.7632000e+01
   4.9946500e+04   1.1024500e-02   6.7626000e+01
   4.9947000e+04   1.1045500e-02   6.7626000e+01
   4.9947500e+04   1.1064600e-02   6.7620000e+01
   4.9948000e+04   1.1087500e-02   6.7620000e+01
   4.9948500e+04   1.1106600e-02   6.7614000e+01
   4.9949000e+04   1.1127500e-02   6.7620000e+01
   4.9949500e+04   1.1146600e-02   6.7620000e+01
   4.9950000e+04   1.1169500e-02   6.7626000e+01
   4.9950500e+04   1.1190500e-02   6.7626000e+01
   4.9951000e+04   1.1209500e-02   6.7614000e+01
   4.9951500e+04   1.1232400e-02   6.7614000e+01
   4.9952000e+04   1.1257200e-02   6.7608000e+01
   4.9952500e+04   1.1274400e-02   6.7614000e+01
   4.9953000e+04   1.1299200e-02   6.7614000e+01
   4.9953500e+04   1.1320200e-02   6.7614000e+01
   4.9954000e+04   1.1343100e-02   6.7614000e+01
   4.9954500e+04   1.1366000e-02   6.7608000e+01
   4.9955000e+04   1.1386900e-02   6.7608000e+01
   4.9955500e+04   1.1411700e-02   6.7602000e+01
   4.9956000e+04   1.1432700e-02   6.7590000e+01
   4.9956500e+04   1.1455600e-02   6.7608000e+01
   4.9957000e+04   1.1478500e-02   6.7608000e+01
   4.9957500e+04   1.1501400e-02   6.7602000e+01
   4.9958000e+04   1.1526200e-02   6.7608000e+01
   4.9958500e+04   1.1551000e-02   6.7584000e+01
   4.9959000e+04   1.1573900e-02   6.7572000e+01
   4.9959500e+04   1.1598600e-02   6.7590000e+01
   4.9960000e+04   1.1621500e-02   6.7578000e+01
   4.9960500e+04   1.1646300e-02   6.7578000e+01
   4.9961000e+04   1.1671100e-02   6.7584000e+01
   4.9961500e+04   1.1697800e-02   6.7572000e+01
   4.9962000e+04   1.1722600e-02   6.7572000e+01
   4.9962500e+04   1.1747400e-02   6.7578000e+01
   4.9963000e+04   1.1770300e-02   6.7572000e+01
   4.9963500e+04   1.1797000e-02   6.7560000e+01
   4.9964000e+04   1.1823700e-02   6.7572000e+01
   4.9964500e+04   1.1848500e-02   6.7566000e+01
   4.9965000e+04   1.1873300e-02   6.7566000e+01
   4.9965500e+04   1.1898100e-02   6.7566000e+01
   4.9966000e+04   1.1924800e-02   6.7548000e+01
   4.9966500e+04   1.1951500e-02   6.7542000e+01
   4.9967000e+04   1.1980100e-02   6.7554000e+01
   4.9967500e+04   1.2006800e-02   6.7554000e+01
   4.9968000e+04   1.2033500e-02   6.7548000e+01
   4.9968500e+04   1.2062100e-02   6.7548000e+01
   4.9969000e+04   1.2090700e-02   6.7554000e+01
   4.9969500e+04   1.2119400e-02   6.7530000e+01
   4.9970000e+04   1.2146100e-02   6.7536000e+01
   4.9970500e+04   1.2172800e-02   6.7530000e+01
   4.9971000e+04   1.2201400e-02   6.7524000e+01
   4.9971500e+04   1.2231900e-02   6.7524000e+01
   4.9972000e+04   1.2260500e-02   6.7518000e+01
   4.9972500e+04   1.2291000e-02   6.7530000e+01
   4.9973000e+04   1.2317700e-02   6.7524000e+01
   4.9973500e+04   1.2348200e-02   6.7506000e+01
   4.9974000e+04   1.2378800e-02   6.7506000e+01
   4.9974500e+04   1.2409300e-02   6.7506000e+01
   4.9975000e+04   1.2439800e-02   6.7500000e+01
   4.9975500e+04   1.2468400e-02   6.7488000e+01
   4.9976000e+04   1.2502700e-02   6.7506000e+01
   4.9976500e+04   1.2531300e-02   6.7506000e+01
   4.9977000e+04   1.2565700e-02   6.7506000e+01
   4.9977500e+04   1.2596200e-02   6.7482000e+01
   4.9978000e+04   1.2628600e-02   6.7482000e+01
   4.9978500e+04   1.2661000e-02   6.7470000e+01
   4.9979000e+04   1.2693500e-02   6.7464000e+01
   4.9979500e+04   1.2724000e-02   6.7476000e+01
   4.9980000e+04   1.2758300e-02   6.7476000e+01
   4.9980500e+04   1.2794600e-02   6.7476000e+01
   4.9981000e+04   1.2823200e-02   6.7452000e+01
   4.9981500e+04   1.2859400e-02   6.7452000e+01
   4.9982000e+04   1.2893700e-02   6.7452000e+01
   4.9982500e+04   1.2926200e-02   6.7464000e+01
   4.9983000e+04   1.2964300e-02   6.7452000e+01
   4.9983500e+04   1.2998600e-02   6.7458000e+01
   4.9984000e+04   1.3031100e-02   6.7458000e+01
   4.9984500e+04   1.3069200e-02   6.7446000e+01
   4.9985000e+04   1.3105500e-02   6.7434000e+01
   4.9985500e+04   1.3141700e-02   6.7428000e+01
   4.9986000e+04   1.3177900e-02   6.7428000e+01
   4.9986500e+04   1.3216100e-02   6.7428000e+01
   4.9987000e+04   1.3254200e-02   6.7440000e+01
   4.9987500e+04   1.3292400e-02   6.7434000e+01
   4.9988000e+04   1.3330500e-02   6.7428000e+01
   4.9988500e+04   1.3368700e-02   6.7404000e+01
   4.9989000e+04   1.3404900e-02   6.7392000e+01
   4.9989500e+04   1.3443100e-02   6.7386000e+01
   4.9990000e+04   1.3485000e-02   6.7398000e+01
   4.9990500e+04   1.3523200e-02   6.7386000e+01
   4.9991000e+04   1.3563200e-02   6.7374000e+01
   4.9991500e+04   1.3605200e-02   6.7386000e+01
   4.9992000e+04   1.3647100e-02   6.7368000e+01
   4.9992500e+04   1.3687200e-02   6.7350000e+01
   4.9993000e+04   1.3731100e-02   6.7362000e+01
   4.9993500e+04   1.3771100e-02   6.7362000e+01
   4.9994000e+04   1.3815000e-02   6.7362000e+01
   4.9994500e+04   1.3856900e-02   6.7356000e+01
   4.9995000e+04   1.3900800e-02   6.7350000e+01
   4.9995500e+04   1.3942800e-02   6.7350000e+01
   4.9996000e+04   1.3990500e-02   6.7350000e+01
   4.9996500e+04   1.4034300e-02   6.7344000e+01
   4.9997000e+04   1.4078200e-02   6.7332000e+01
   4.9997500e+04   1.4124000e-02   6.7332000e+01
   4.9998000e+04   1.4167800e-02   6.7320000e+01
   4.9998500e+04   1.4215500e-02   6.7314000e+01
   4.9999000e+04   1.4263200e-02   6.7332000e+01
   4.9999500e+04   1.4310900e-02   6.7314000e+01
   5.0000000e+04   1.4360500e-02   6.7296000e+01
   5.0000500e+04   1.4406300e-02   6.7296000e+01
   5.0001000e+04   1.4455900e-02   6.7284000e+01
   5.0001500e+04   1.4505400e-02   6.7272000e+01
   5.0002000e+04   1.4556900e-02   6.7278000e+01
   5.0002500e+04   1.4604600e-02   6.7272000e+01
   5.0003000e+04   1.4656100e-02   6.7272000e+01
   5.0003500e+04   1.4707600e-02   6.7260000e+01
   5.0004000e+04   1.4761000e-02   6.7254000e+01
   5.0004500e+04   1.4814400e-02   6.7248000e+01
   5.0005000e+04   1.4865900e-02   6.7236000e+01
   5.0005500e+04   1.4919300e-02   6.7236000e+01
   5.0006000e+04   1.4974700e-02   6.7236000e+01
   5.0006500e+04   1.5028100e-02   6.7242000e+01
   5.0007000e+04   1.5085300e-02   6.7236000e+01
   5.0007500e+04   1.5140600e-02   6.7212000e+01
   5.0008000e+04   1.5197800e-02   6.7212000e+01
   5.0008500e+04   1.5255000e-02   6.7218000e+01
   5.0009000e+04   1.5314200e-02   6.7218000e+01
   5.0009500e+04   1.5371400e-02   6.7218000e+01
   5.0010000e+04   1.5432400e-02   6.7212000e+01
   5.0010500e+04   1.5491500e-02   6.7206000e+01
   5.0011000e+04   1.5552600e-02   6.7176000e+01
   5.0011500e+04   1.5613600e-02   6.7176000e+01
   5.0012000e+04   1.5676600e-02   6.7170000e+01
   5.0012500e+04   1.5739600e-02   6.7158000e+01
   5.0013000e+04   1.5804400e-02   6.7170000e+01
   5.0013500e+04   1.5865400e-02   6.7164000e+01
   5.0014000e+04   1.5932200e-02   6.7158000e+01
   5.0014500e+04   1.5997100e-02   6.7152000e+01
   5.0015000e+04   1.6065700e-02   6.7134000e+01
   5.0015500e+04   1.6132500e-02   6.7128000e+01
   5.0016000e+04   1.6203000e-02   6.7140000e+01
   5.0016500e+04   1.6269800e-02   6.7134000e+01
   5.0017000e+04   1.6340400e-02   6.7128000e+01
   5.0017500e+04   1.6410900e-02   6.7128000e+01
   5.0018000e+04   1.6483400e-02   6.7110000e+01
   5.0018500e+04   1.6555900e-02   6.7092000e+01
   5.0019000e+04   1.6630300e-02   6.7098000e+01
   5.0019500e+04   1.6704700e-02   6.7080000e+01
   5.0020000e+04   1.6781000e-02   6.7074000e+01
   5.0020500e+04   1.6857300e-02   6.7062000e+01
   5.0021000e+04   1.6933600e-02   6.7056000e+01
   5.0021500e+04   1.7013700e-02   6.7056000e+01
   5.0022000e+04   1.7091900e-02   6.7050000e+01
   5.0022500e+04   1.7172000e-02   6.7038000e+01
   5.0023000e+04   1.7255900e-02   6.7020000e+01
   5.0023500e+04   1.7336000e-02   6.7014000e+01
   5.0024000e+04   1.7419900e-02   6.7002000e+01
   5.0024500e+04   1.7505800e-02   6.6990000e+01
   5.0025000e+04   1.7589700e-02   6.6984000e+01
   5.0025500e+04   1.7679300e-02   6.6984000e+01
   5.0026000e+04   1.7770900e-02   6.6960000e+01
   5.0026500e+04   1.7858600e-02   6.6954000e+01
   5.0027000e+04   1.7950200e-02   6.6936000e+01
   5.0027500e+04   1.8039800e-02   6.6936000e+01
   5.0028000e+04   1.8133300e-02   6.6942000e+01
   5.0028500e+04   1.8230600e-02   6.6924000e+01
   5.0029000e+04   1.8325900e-02   6.6918000e+01
   5.0029500e+04   1.8425100e-02   6.6906000e+01
   5.0030000e+04   1.8524300e-02   6.6882000e+01
   5.0030500e+04   1.8623500e-02   6.6876000e+01
   5.0031000e+04   1.8728400e-02   6.6864000e+01
   5.0031500e+04   1.8829500e-02   6.6870000e+01
   5.0032000e+04   1.8936300e-02   6.6846000e+01
   5.0032500e+04   1.9043100e-02   6.6858000e+01
   5.0033000e+04   1.9153700e-02   6.6840000e+01
   5.0033500e+04   1.9262400e-02   6.6816000e+01
   5.0034000e+04   1.9375000e-02   6.6810000e+01
   5.0034500e+04   1.9487500e-02   6.6804000e+01
   5.0035000e+04   1.9603800e-02   6.6786000e+01
   5.0035500e+04   1.9722100e-02   6.6786000e+01
   5.0036000e+04   1.9842300e-02   6.6780000e+01
   5.0036500e+04   1.9964300e-02   6.6774000e+01
   5.0037000e+04   2.0088300e-02   6.6750000e+01
   5.0037500e+04   2.0214200e-02   6.6726000e+01
   5.0038000e+04   2.0342000e-02   6.6720000e+01
   5.0038500e+04   2.0469800e-02   6.6714000e+01
   5.0039000e+04   2.0601400e-02   6.6708000e+01
   5.0039500e+04   2.0734900e-02   6.6684000e+01
   5.0040000e+04   2.0874100e-02   6.6678000e+01
   5.0040500e+04   2.1009600e-02   6.6660000e+01
   5.0041000e+04   2.1152600e-02   6.6630000e+01
   5.0041500e+04   2.1295700e-02   6.6630000e+01
   5.0042000e+04   2.1442500e-02   6.6618000e+01
   5.0042500e+04   2.1591300e-02   6.6612000e+01
   5.0043000e+04   2.1742000e-02   6.6594000e+01
   5.0043500e+04   2.1896500e-02   6.6582000e+01
   5.0044000e+04   2.2054800e-02   6.6558000e+01
   5.0044500e+04   2.2216900e-02   6.6540000e+01
   5.0045000e+04   2.2379000e-02   6.6522000e+01
   5.0045500e+04   2.2545000e-02   6.6498000e+01
   5.0046000e+04   2.2716600e-02   6.6486000e+01
   5.0046500e+04   2.2888300e-02   6.6474000e+01
   5.0047000e+04   2.3065700e-02   6.6450000e+01
   5.0047500e+04   2.3246900e-02   6.6444000e+01
   5.0048000e+04   2.3431900e-02   6.6438000e+01
   5.0048500e+04   2.3618800e-02   6.6396000e+01
   5.0049000e+04   2.3807600e-02   6.6372000e+01
   5.0049500e+04   2.4002200e-02   6.6354000e+01
   5.0050000e+04   2.4202500e-02   6.6336000e+01
   5.0050500e+04   2.4404600e-02   6.6306000e+01
   5.0051000e+04   2.4612500e-02   6.6306000e+01
   5.0051500e+04   2.4824300e-02   6.6282000e+01
   5.0052000e+04   2.5039800e-02   6.6252000e+01
   5.0052500e+04   2.5264900e-02   6.6222000e+01
   5.0053000e+04   2.5489900e-02   6.6192000e+01
   5.0053500e+04   2.5718800e-02   6.6168000e+01
   5.0054000e+04   2.5955300e-02   6.6168000e+01
   5.0054500e+04   2.6199500e-02   6.6138000e+01
   5.0055000e+04   2.6451200e-02   6.6114000e+01
   5.0055500e+04   2.6699200e-02   6.6096000e+01
   5.0056000e+04   2.6962400e-02   6.6048000e+01
   5.0056500e+04   2.7225600e-02   6.6024000e+01
   5.0057000e+04   2.7500300e-02   6.5994000e+01
   5.0057500e+04   2.7778700e-02   6.5970000e+01
   5.0058000e+04   2.8064800e-02   6.5922000e+01
   5.0058500e+04   2.8358600e-02   6.5916000e+01
   5.0059000e+04   2.8659900e-02   6.5886000e+01
   5.0059500e+04   2.8968900e-02   6.5844000e+01
   5.0060000e+04   2.9285600e-02   6.5802000e+01
   5.0060500e+04   2.9613600e-02   6.5766000e+01
   5.0061000e+04   2.9945500e-02   6.5748000e+01
   5.0061500e+04   3.0288800e-02   6.5724000e+01
   5.0062000e+04   3.0643600e-02   6.5676000e+01
   5.0062500e+04   3.1006000e-02   6.5640000e+01
   5.0063000e+04   3.1383800e-02   6.5604000e+01
   5.0063500e+04   3.1765200e-02   6.5550000e+01
   5.0064000e+04   3.2162000e-02   6.5514000e+01
   5.0064500e+04   3.2566300e-02   6.5478000e+01
   5.0065000e+04   3.2985900e-02   6.5424000e+01
   5.0065500e+04   3.3420800e-02   6.5382000e+01
   5.0066000e+04   3.3867100e-02   6.5346000e+01
   5.0066500e+04   3.4328700e-02   6.5298000e+01
   5.0067000e+04   3.4805500e-02   6.5226000e+01
   5.0067500e+04   3.5293800e-02   6.5184000e+01
   5.0068000e+04   3.5782100e-02   6.5118000e+01
   5.0068500e+04   3.6304700e-02   6.5052000e+01
   5.0069000e+04   3.6850200e-02   6.4992000e+01
   5.0069500e+04   3.7411000e-02   6.4944000e+01
   5.0070000e+04   3.7987000e-02   6.4878000e+01
   5.0070500e+04   3.8589700e-02   6.4812000e+01
   5.0071000e+04   3.9215300e-02   6.4734000e+01
   5.0071500e+04   3.9863800e-02   6.4668000e+01
   5.0072000e+04   4.0535200e-02   6.4602000e+01
   5.0072500e+04   4.1233300e-02   6.4530000e+01
   5.0073000e+04   4.1961900e-02   6.4440000e+01
   5.0073500e+04   4.2717200e-02   6.4380000e+01
   5.0074000e+04   4.3503000e-02   6.4302000e+01
   5.0074500e+04   4.4323200e-02   6.4200000e+01
   5.0075000e+04   4.5181500e-02   6.4110000e+01
   5.0075500e+04   4.6078000e-02   6.4014000e+01
   5.0076000e+04   4.7016400e-02   6.3906000e+01
   5.0076500e+04   4.7992900e-02   6.3810000e+01
   5.0077000e+04   4.9015300e-02   6.3702000e+01
   5.0077500e+04   5.0133000e-02   6.3570000e+01
   5.0078000e+04   5.1269800e-02   6.3438000e+01
   5.0078500e+04   5.2444700e-02   6.3306000e+01
   5.0079000e+04   5.3703500e-02   6.3180000e+01
   5.0079500e+04   5.5023400e-02   6.3030000e+01
   5.0080000e+04   5.6412000e-02   6.2892000e+01
   5.0080500e+04   5.7876800e-02   6.2736000e+01
   5.0081000e+04   5.9418000e-02   6.2580000e+01
   5.0081500e+04   6.1065900e-02   6.2424000e+01
   5.0082000e+04   6.2820900e-02   6.2208000e+01
   5.0082500e+04   6.4682500e-02   6.2010000e+01
   5.0083000e+04   6.6666100e-02   6.1806000e+01
   5.0083500e+04   6.8779500e-02   6.1578000e+01
   5.0084000e+04   7.1053000e-02   6.1320000e+01
   5.0084500e+04   7.3494400e-02   6.1068000e+01
   5.0085000e+04   7.6103700e-02   6.0798000e+01
   5.0085500e+04   7.8918900e-02   6.0480000e+01
   5.0086000e+04   8.1978300e-02   6.0138000e+01
   5.0086500e+04   8.5297100e-02   5.9772000e+01
   5.0087000e+04   8.8928700e-02   5.9382000e+01
   5.0087500e+04   9.2873100e-02   5.8962000e+01
   5.0088000e+04   9.7206600e-02   5.8494000e+01
   5.0088500e+04   1.0199000e-01   5.7990000e+01
   5.0089000e+04   1.0727000e-01   5.7408000e+01
   5.0089500e+04   1.1312900e-01   5.6742000e+01
   5.0090000e+04   1.1975100e-01   5.6040000e+01
   5.0090500e+04   1.2716800e-01   5.5242000e+01
   5.0091000e+04   1.3562100e-01   5.4336000e+01
   5.0091500e+04   1.4523400e-01   5.3280000e+01
   5.0092000e+04   1.5634300e-01   5.2062000e+01
   5.0092500e+04   1.6922100e-01   5.0640000e+01
   5.0093000e+04   1.8435800e-01   4.8930000e+01
   5.0093500e+04   2.0236300e-01   4.6890000e+01
   5.0094000e+04   2.2400000e-01   4.4376000e+01
   5.0094500e+04   2.5024600e-01   4.1274000e+01
   5.0095000e+04   2.8253400e-01   3.7320000e+01
   5.0095500e+04   3.2239000e-01   3.2172000e+01
   5.0096000e+04   3.7103500e-01   2.5380000e+01
   5.0096500e+04   4.2773600e-01   1.6290000e+01
   5.0097000e+04   4.8578100e-01   4.2120000e+00
