   5.0097500e+04   5.2515000e-01  -9.0900000e+00
   5.0098000e+04   5.3467200e-01  -2.5650000e+01
   5.0098500e+04   5.0244500e-01  -4.1550000e+01
   5.0099000e+04   4.4610800e-01  -5.4792000e+01
   5.0099500e+04   3.8641500e-01  -6.4968000e+01
   5.0100000e+04   3.3368100e-01  -7.2606000e+01
   5.0100500e+04   2.8991900e-01  -7.8366000e+01
   5.0101000e+04   2.5433500e-01  -8.2752000e+01
   5.0101500e+04   2.2552600e-01  -8.6172000e+01
   5.0102000e+04   2.0187500e-01  -8.8914000e+01
   5.0102500e+04   1.8231300e-01  -9.1128000e+01
   5.0103000e+04   1.6595600e-01  -9.2976000e+01
   5.0103500e+04   1.5207000e-01  -9.4524000e+01
   5.0104000e+04   1.4019900e-01  -9.5838000e+01
   5.0104500e+04   1.2997500e-01  -9.6984000e+01
   5.0105000e+04   1.2103300e-01  -9.7962000e+01
   5.0105500e+04   1.1316000e-01  -9.8814000e+01
   5.0106000e+04   1.0626300e-01  -9.9570000e+01
   5.0106500e+04   1.0003700e-01  -1.0024800e+02
   5.0107000e+04   9.4490500e-02  -1.0084800e+02
   5.0107500e+04   8.9485600e-02  -1.0137000e+02
   5.0108000e+04   8.4946200e-02  -1.0188600e+02
   5.0108500e+04   8.0833900e-02  -1.0233600e+02
   5.0109000e+04   7.7065000e-02  -1.0274400e+02
   5.0109500e+04   7.3616500e-02  -1.0312800e+02
   5.0110000e+04   7.0435000e-02  -1.0347600e+02
   5.0110500e+04   6.7497700e-02  -1.0375800e+02
   5.0111000e+04   6.4789300e-02  -1.0404600e+02
   5.0111500e+04   6.2263700e-02  -1.0434000e+02
   5.0112000e+04   5.9929100e-02  -1.0459800e+02
   5.0112500e+04   5.7739500e-02  -1.0485000e+02
   5.0113000e+04   5.5694800e-02  -1.0506600e+02
   5.0113500e+04   5.3779800e-02  -1.0526400e+02
   5.0114000e+04   5.1979300e-02  -1.0546200e+02
   5.0114500e+04   5.0277900e-02  -1.0564200e+02
   5.0115000e+04   4.8641400e-02  -1.0578000e+02
   5.0115500e+04   4.7134600e-02  -1.0596000e+02
   5.0116000e+04   4.5711800e-02  -1.0612200e+02
   5.0116500e+04   4.4361400e-02  -1.0626000e+02
   5.0117000e+04   4.3079600e-02  -1.0639200e+02
   5.0117500e+04   4.1870400e-02  -1.0652400e+02
   5.0118000e+04   4.0718300e-02  -1.0664400e+02
   5.0118500e+04   3.9615900e-02  -1.0675800e+02
   5.0119000e+04   3.8570600e-02  -1.0687800e+02
   5.0119500e+04   3.7571200e-02  -1.0699800e+02
   5.0120000e+04   3.6621300e-02  -1.0709400e+02
   5.0120500e+04   3.5702000e-02  -1.0720800e+02
   5.0121000e+04   3.4828400e-02  -1.0730400e+02
   5.0121500e+04   3.3989200e-02  -1.0738800e+02
   5.0122000e+04   3.3191900e-02  -1.0747800e+02
   5.0122500e+04   3.2417500e-02  -1.0755000e+02
   5.0123000e+04   3.1677500e-02  -1.0764600e+02
   5.0123500e+04   3.0967800e-02  -1.0774800e+02
   5.0124000e+04   3.0285000e-02  -1.0780800e+02
   5.0124500e+04   2.9625100e-02  -1.0788000e+02
   5.0125000e+04   2.8991800e-02  -1.0795200e+02
   5.0125500e+04   2.8377700e-02  -1.0803000e+02
   5.0126000e+04   2.7790200e-02  -1.0806600e+02
   5.0126500e+04   2.7218000e-02  -1.0814400e+02
   5.0127000e+04   2.6668700e-02  -1.0819800e+02
   5.0127500e+04   2.6138400e-02  -1.0825800e+02
   5.0128000e+04   2.5623400e-02  -1.0831200e+02
   5.0128500e+04   2.5127500e-02  -1.0836000e+02
   5.0129000e+04   2.4645000e-02  -1.0840200e+02
   5.0129500e+04   2.4179600e-02  -1.0845000e+02
   5.0130000e+04   2.3727500e-02  -1.0851000e+02
   5.0130500e+04   2.3290800e-02  -1.0856400e+02
   5.0131000e+04   2.2867300e-02  -1.0861200e+02
   5.0131500e+04   2.2455300e-02  -1.0866600e+02
   5.0132000e+04   2.2051000e-02  -1.0869600e+02
   5.0132500e+04   2.1665700e-02  -1.0874400e+02
   5.0133000e+04   2.1286100e-02  -1.0878000e+02
   5.0133500e+04   2.0919900e-02  -1.0880400e+02
   5.0134000e+04   2.0563200e-02  -1.0885200e+02
   5.0134500e+04   2.0216100e-02  -1.0890600e+02
   5.0135000e+04   1.9876600e-02  -1.0894800e+02
   5.0135500e+04   1.9548500e-02  -1.0897200e+02
   5.0136000e+04   1.9228100e-02  -1.0899000e+02
   5.0136500e+04   1.8915300e-02  -1.0902600e+02
   5.0137000e+04   1.8613900e-02  -1.0906200e+02
   5.0137500e+04   1.8312600e-02  -1.0908600e+02
   5.0138000e+04   1.8026500e-02  -1.0913400e+02
   5.0138500e+04   1.7744200e-02  -1.0918200e+02
   5.0139000e+04   1.7465700e-02  -1.0922400e+02
   5.0139500e+04   1.7194900e-02  -1.0923600e+02
   5.0140000e+04   1.6933600e-02  -1.0927800e+02
   5.0140500e+04   1.6676100e-02  -1.0930800e+02
   5.0141000e+04   1.6426200e-02  -1.0932000e+02
   5.0141500e+04   1.6182100e-02  -1.0935600e+02
   5.0142000e+04   1.5945600e-02  -1.0939200e+02
   5.0142500e+04   1.5710900e-02  -1.0939800e+02
   5.0143000e+04   1.5483900e-02  -1.0942800e+02
   5.0143500e+04   1.5260800e-02  -1.0945800e+02
   5.0144000e+04   1.5041400e-02  -1.0947000e+02
   5.0144500e+04   1.4827800e-02  -1.0950000e+02
   5.0145000e+04   1.4619900e-02  -1.0951800e+02
   5.0145500e+04   1.4413900e-02  -1.0954200e+02
   5.0146000e+04   1.4213600e-02  -1.0957200e+02
   5.0146500e+04   1.4019100e-02  -1.0960200e+02
   5.0147000e+04   1.3824500e-02  -1.0961400e+02
   5.0147500e+04   1.3639500e-02  -1.0963200e+02
   5.0148000e+04   1.3454500e-02  -1.0965000e+02
   5.0148500e+04   1.3269500e-02  -1.0966200e+02
   5.0149000e+04   1.3094000e-02  -1.0968600e+02
   5.0149500e+04   1.2918500e-02  -1.0972200e+02
   5.0150000e+04   1.2748800e-02  -1.0973400e+02
   5.0150500e+04   1.2580900e-02  -1.0975200e+02
   5.0151000e+04   1.2415000e-02  -1.0975200e+02
   5.0151500e+04   1.2252900e-02  -1.0977000e+02
   5.0152000e+04   1.2094600e-02  -1.0979400e+02
   5.0152500e+04   1.1938200e-02  -1.0980600e+02
   5.0153000e+04   1.1787500e-02  -1.0982400e+02
   5.0153500e+04   1.1636800e-02  -1.0983600e+02
   5.0154000e+04   1.1489900e-02  -1.0986600e+02
   5.0154500e+04   1.1345000e-02  -1.0987200e+02
   5.0155000e+04   1.1203800e-02  -1.0987800e+02
   5.0155500e+04   1.1064600e-02  -1.0990200e+02
   5.0156000e+04   1.0925400e-02  -1.0989600e+02
   5.0156500e+04   1.0789900e-02  -1.0990800e+02
   5.0157000e+04   1.0656400e-02  -1.0993800e+02
   5.0157500e+04   1.0528600e-02  -1.0996200e+02
   5.0158000e+04   1.0398900e-02  -1.0996800e+02
   5.0158500e+04   1.0271100e-02  -1.0998600e+02
   5.0159000e+04   1.0149100e-02  -1.0999800e+02
   5.0159500e+04   1.0027000e-02  -1.0999200e+02
   5.0160000e+04   9.9077800e-03  -1.1000400e+02
   5.0160500e+04   9.7876200e-03  -1.1004000e+02
   5.0161000e+04   9.6722200e-03  -1.1005800e+02
   5.0161500e+04   9.5568300e-03  -1.1006400e+02
   5.0162000e+04   9.4443000e-03  -1.1008800e+02
   5.0162500e+04   9.3327200e-03  -1.1008200e+02
   5.0163000e+04   9.2240000e-03  -1.1009400e+02
   5.0163500e+04   9.1152800e-03  -1.1010600e+02
   5.0164000e+04   9.0113300e-03  -1.1011800e+02
   5.0164500e+04   8.9054700e-03  -1.1013600e+02
   5.0165000e+04   8.8034300e-03  -1.1014200e+02
   5.0165500e+04   8.7013800e-03  -1.1013600e+02
   5.0166000e+04   8.6022000e-03  -1.1016000e+02
   5.0166500e+04   8.5020700e-03  -1.1016000e+02
   5.0167000e+04   8.4038400e-03  -1.1017200e+02
   5.0167500e+04   8.3075200e-03  -1.1017800e+02
   5.0168000e+04   8.2140600e-03  -1.1018400e+02
   5.0168500e+04   8.1225000e-03  -1.1022000e+02
   5.0169000e+04   8.0309500e-03  -1.1023200e+02
   5.0169500e+04   7.9394000e-03  -1.1025000e+02
   5.0170000e+04   7.8488000e-03  -1.1023200e+02
   5.0170500e+04   7.7619900e-03  -1.1024400e+02
   5.0171000e+04   7.6732900e-03  -1.1023200e+02
   5.0171500e+04   7.5884200e-03  -1.1023800e+02
   5.0172000e+04   7.5073500e-03  -1.1026800e+02
   5.0172500e+04   7.4215200e-03  -1.1028600e+02
   5.0173000e+04   7.3404600e-03  -1.1026800e+02
   5.0173500e+04   7.2555800e-03  -1.1028600e+02
   5.0174000e+04   7.1764300e-03  -1.1031000e+02
   5.0174500e+04   7.0982300e-03  -1.1029800e+02
   5.0175000e+04   7.0219300e-03  -1.1031600e+02
   5.0175500e+04   6.9427800e-03  -1.1034000e+02
   5.0176000e+04   6.8674400e-03  -1.1034600e+02
   5.0176500e+04   6.7940100e-03  -1.1035200e+02
   5.0177000e+04   6.7196200e-03  -1.1034600e+02
   5.0177500e+04   6.6442800e-03  -1.1036400e+02
   5.0178000e+04   6.5737100e-03  -1.1038800e+02
   5.0178500e+04   6.5021800e-03  -1.1037000e+02
   5.0179000e+04   6.4306600e-03  -1.1037600e+02
   5.0179500e+04   6.3629400e-03  -1.1040000e+02
   5.0180000e+04   6.2942800e-03  -1.1040600e+02
   5.0180500e+04   6.2265700e-03  -1.1040000e+02
   5.0181000e+04   6.1579000e-03  -1.1041200e+02
   5.0181500e+04   6.0921000e-03  -1.1041200e+02
   5.0182000e+04   6.0253400e-03  -1.1041800e+02
   5.0182500e+04   5.9614500e-03  -1.1041200e+02
   5.0183000e+04   5.8975500e-03  -1.1042400e+02
   5.0183500e+04   5.8327000e-03  -1.1043000e+02
   5.0184000e+04   5.7707100e-03  -1.1043600e+02
   5.0184500e+04   5.7077700e-03  -1.1043600e+02
   5.0185000e+04   5.6467400e-03  -1.1043600e+02
   5.0185500e+04   5.5876100e-03  -1.1044800e+02
   5.0186000e+04   5.5265700e-03  -1.1043000e+02
   5.0186500e+04   5.4674400e-03  -1.1044800e+02
   5.0187000e+04   5.4102200e-03  -1.1046000e+02
   5.0187500e+04   5.3520500e-03  -1.1047800e+02
   5.0188000e+04   5.2957800e-03  -1.1046600e+02
   5.0188500e+04   5.2385600e-03  -1.1046000e+02
   5.0189000e+04   5.1832500e-03  -1.1046600e+02
   5.0189500e+04   5.1288900e-03  -1.1047200e+02
   5.0190000e+04   5.0735800e-03  -1.1047200e+02
   5.0190500e+04   5.0182600e-03  -1.1049600e+02
   5.0191000e+04   4.9605700e-03  -1.1045400e+02
   5.0191500e+04   4.9076400e-03  -1.1044200e+02
   5.0192000e+04   4.8556600e-03  -1.1044800e+02
   5.0192500e+04   4.8036900e-03  -1.1045400e+02
   5.0193000e+04   4.7526700e-03  -1.1045400e+02
   5.0193500e+04   4.7026000e-03  -1.1044800e+02
   5.0194000e+04   4.6520500e-03  -1.1045400e+02
   5.0194500e+04   4.6024600e-03  -1.1047200e+02
   5.0195000e+04   4.5533500e-03  -1.1047200e+02
   5.0195500e+04   4.5047100e-03  -1.1047200e+02
   5.0196000e+04   4.4570300e-03  -1.1047200e+02
   5.0196500e+04   4.4093400e-03  -1.1047800e+02
   5.0197000e+04   4.3621400e-03  -1.1048400e+02
   5.0197500e+04   4.3154100e-03  -1.1047800e+02
   5.0198000e+04   4.2691500e-03  -1.1048400e+02
   5.0198500e+04   4.2233800e-03  -1.1049000e+02
   5.0199000e+04   4.1785500e-03  -1.1047800e+02
   5.0199500e+04   4.1337300e-03  -1.1049000e+02
   5.0200000e+04   4.0893900e-03  -1.1048400e+02
   5.0200500e+04   4.0445600e-03  -1.1049000e+02
   5.0201000e+04   4.0011700e-03  -1.1049000e+02
   5.0201500e+04   3.9577800e-03  -1.1050800e+02
   5.0202000e+04   3.9153400e-03  -1.1051400e+02
   5.0202500e+04   3.8728900e-03  -1.1052000e+02
   5.0203000e+04   3.8314000e-03  -1.1052000e+02
   5.0203500e+04   3.7889600e-03  -1.1050800e+02
   5.0204000e+04   3.7484300e-03  -1.1051400e+02
   5.0204500e+04   3.7079000e-03  -1.1051400e+02
   5.0205000e+04   3.6673700e-03  -1.1049600e+02
   5.0205500e+04   3.6273200e-03  -1.1052000e+02
   5.0206000e+04   3.5882100e-03  -1.1052000e+02
   5.0206500e+04   3.5486400e-03  -1.1051400e+02
   5.0207000e+04   3.5095400e-03  -1.1051400e+02
   5.0207500e+04   3.4709100e-03  -1.1052600e+02
   5.0208000e+04   3.4332400e-03  -1.1050800e+02
   5.0208500e+04   3.3946200e-03  -1.1050800e+02
   5.0209000e+04   3.3574300e-03  -1.1052000e+02
   5.0209500e+04   3.3197600e-03  -1.1052600e+02
   5.0210000e+04   3.2830400e-03  -1.1052000e+02
   5.0210500e+04   3.2468000e-03  -1.1053200e+02
   5.0211000e+04   3.2105600e-03  -1.1051400e+02
   5.0211500e+04   3.1748000e-03  -1.1051400e+02
   5.0212000e+04   3.1390300e-03  -1.1051400e+02
   5.0212500e+04   3.1037500e-03  -1.1052600e+02
   5.0213000e+04   3.0684600e-03  -1.1052600e+02
   5.0213500e+04   3.0341300e-03  -1.1052600e+02
   5.0214000e+04   2.9998000e-03  -1.1053200e+02
   5.0214500e+04   2.9659400e-03  -1.1053200e+02
   5.0215000e+04   2.9320900e-03  -1.1052600e+02
   5.0215500e+04   2.8982300e-03  -1.1050800e+02
   5.0216000e+04   2.8653300e-03  -1.1050200e+02
   5.0216500e+04   2.8324300e-03  -1.1051400e+02
   5.0217000e+04   2.7995300e-03  -1.1053800e+02
   5.0217500e+04   2.7671000e-03  -1.1053200e+02
   5.0218000e+04   2.7351500e-03  -1.1053800e+02
   5.0218500e+04   2.7032000e-03  -1.1050800e+02
   5.0219000e+04   2.6717300e-03  -1.1052000e+02
   5.0219500e+04   2.6402600e-03  -1.1051400e+02
   5.0220000e+04   2.6097400e-03  -1.1050200e+02
   5.0220500e+04   2.5787500e-03  -1.1051400e+02
   5.0221000e+04   2.5477600e-03  -1.1051400e+02
   5.0221500e+04   2.5177200e-03  -1.1050800e+02
   5.0222000e+04   2.4876700e-03  -1.1049600e+02
   5.0222500e+04   2.4578700e-03  -1.1050200e+02
   5.0223000e+04   2.4283100e-03  -1.1049600e+02
   5.0223500e+04   2.3987400e-03  -1.1049000e+02
   5.0224000e+04   2.3701300e-03  -1.1049600e+02
   5.0224500e+04   2.3408100e-03  -1.1049000e+02
   5.0225000e+04   2.3119600e-03  -1.1047800e+02
   5.0225500e+04   2.2835900e-03  -1.1048400e+02
   5.0226000e+04   2.2556900e-03  -1.1048400e+02
   5.0226500e+04   2.2273200e-03  -1.1046600e+02
   5.0227000e+04   2.1999000e-03  -1.1047200e+02
   5.0227500e+04   2.1722500e-03  -1.1046000e+02
   5.0228000e+04   2.1445900e-03  -1.1044800e+02
   5.0228500e+04   2.1174100e-03  -1.1046000e+02
   5.0229000e+04   2.0907100e-03  -1.1044800e+02
   5.0229500e+04   2.0640000e-03  -1.1043000e+02
   5.0230000e+04   2.0375400e-03  -1.1043600e+02
   5.0230500e+04   2.0108400e-03  -1.1042400e+02
   5.0231000e+04   1.9850900e-03  -1.1041200e+02
   5.0231500e+04   1.9591000e-03  -1.1041800e+02
   5.0232000e+04   1.9338200e-03  -1.1041800e+02
   5.0232500e+04   1.9078300e-03  -1.1040600e+02
   5.0233000e+04   1.8825600e-03  -1.1039400e+02
   5.0233500e+04   1.8570500e-03  -1.1039400e+02
   5.0234000e+04   1.8329700e-03  -1.1038800e+02
   5.0234500e+04   1.8072200e-03  -1.1035200e+02
   5.0235000e+04   1.7836200e-03  -1.1037600e+02
   5.0235500e+04   1.7585800e-03  -1.1036400e+02
   5.0236000e+04   1.7345000e-03  -1.1038200e+02
   5.0236500e+04   1.7101800e-03  -1.1037600e+02
   5.0237000e+04   1.6863400e-03  -1.1032800e+02
   5.0237500e+04   1.6620200e-03  -1.1034600e+02
   5.0238000e+04   1.6389000e-03  -1.1031000e+02
   5.0238500e+04   1.6160100e-03  -1.1029800e+02
   5.0239000e+04   1.5919300e-03  -1.1032200e+02
   5.0239500e+04   1.5690400e-03  -1.1032200e+02
   5.0240000e+04   1.5463900e-03  -1.1029200e+02
   5.0240500e+04   1.5239800e-03  -1.1030400e+02
   5.0241000e+04   1.5008500e-03  -1.1028600e+02
   5.0241500e+04   1.4789200e-03  -1.1025000e+02
   5.0242000e+04   1.4562700e-03  -1.1022600e+02
   5.0242500e+04   1.4345700e-03  -1.1028600e+02
   5.0243000e+04   1.4124000e-03  -1.1028600e+02
   5.0243500e+04   1.3902300e-03  -1.1025600e+02
   5.0244000e+04   1.3680500e-03  -1.1023800e+02
   5.0244500e+04   1.3475500e-03  -1.1024400e+02
   5.0245000e+04   1.3253800e-03  -1.1020800e+02
   5.0245500e+04   1.3036800e-03  -1.1019000e+02
   5.0246000e+04   1.2838900e-03  -1.1017800e+02
   5.0246500e+04   1.2629100e-03  -1.1016000e+02
   5.0247000e+04   1.2424100e-03  -1.1017800e+02
   5.0247500e+04   1.2216600e-03  -1.1016000e+02
   5.0248000e+04   1.2006800e-03  -1.1014800e+02
   5.0248500e+04   1.1806600e-03  -1.1008800e+02
   5.0249000e+04   1.1592000e-03  -1.1010000e+02
   5.0249500e+04   1.1389300e-03  -1.1005200e+02
   5.0250000e+04   1.1198600e-03  -1.1001600e+02
   5.0250500e+04   1.1000700e-03  -1.1002200e+02
   5.0251000e+04   1.0802800e-03  -1.1002800e+02
   5.0251500e+04   1.0595400e-03  -1.0999200e+02
   5.0252000e+04   1.0409400e-03  -1.0997400e+02
   5.0252500e+04   1.0209200e-03  -1.0994400e+02
   5.0253000e+04   1.0016000e-03  -1.0997400e+02
   5.0253500e+04   9.8229200e-04  -1.0994400e+02
   5.0254000e+04   9.6321500e-04  -1.0989600e+02
   5.0254500e+04   9.4449900e-04  -1.0986600e+02
