   5.0250000e+04   6.1999997e-03
   5.0250050e+04   8.2400003e-03
   5.0250100e+04   5.2800002e-03
   5.0250150e+04   6.7199999e-03
   5.0250200e+04   5.5200001e-03
   5.0250250e+04   6.0000001e-03
   5.0250300e+04   7.5200000e-03
   5.0250350e+04   6.0000001e-03
   5.0250400e+04   7.1199997e-03
   5.0250450e+04   5.7600001e-03
   5.0250500e+04   5.6799999e-03
   5.0250550e+04   5.6000003e-03
   5.0250600e+04   7.8400001e-03
   5.0250650e+04   5.5999998e-03
   5.0250700e+04   8.0800001e-03
   5.0250750e+04   6.6399998e-03
   5.0250800e+04   6.4800000e-03
   5.0250850e+04   7.8400001e-03
   5.0250900e+04   6.3200002e-03
   5.0250950e+04   7.7599999e-03
   5.0251000e+04   7.3600002e-03
   5.0251050e+04   7.4399998e-03
   5.0251100e+04   6.0799997e-03
   5.0251150e+04   5.9199999e-03
   5.0251200e+04   5.6799999e-03
   5.0251250e+04   7.9999994e-03
   5.0251300e+04   5.8399998e-03
   5.0251350e+04   6.9599999e-03
   5.0251400e+04   7.4399998e-03
   5.0251450e+04   5.2000000e-03
   5.0251500e+04   6.2400000e-03
   5.0251550e+04   7.5200000e-03
   5.0251600e+04   6.6400003e-03
   5.0251650e+04   5.2800002e-03
   5.0251700e+04   5.0400002e-03
   5.0251750e+04   7.2800000e-03
   5.0251800e+04   7.1200002e-03
   5.0251850e+04   5.2000000e-03
   5.0251900e+04   5.2000000e-03
   5.0251950e+04   6.8799998e-03
   5.0252000e+04   7.3600002e-03
   5.0252050e+04   7.4399998e-03
   5.0252100e+04   5.5999998e-03
   5.0252150e+04   5.1199999e-03
   5.0252200e+04   5.5200001e-03
   5.0252250e+04   6.7199999e-03
   5.0252300e+04   5.0400002e-03
   5.0252350e+04   6.1599999e-03
   5.0252400e+04   5.6799999e-03
   5.0252450e+04   5.2000000e-03
   5.0252500e+04   8.5600000e-03
   5.0252550e+04   7.9199998e-03
   5.0252600e+04   5.0400002e-03
   5.0252650e+04   5.5200001e-03
   5.0252700e+04   7.1200002e-03
   5.0252750e+04   8.0000004e-03
   5.0252800e+04   7.2800000e-03
   5.0252850e+04   5.6799999e-03
   5.0252900e+04   7.4399998e-03
   5.0252950e+04   7.7599999e-03
   5.0253000e+04   6.9599999e-03
   5.0253050e+04   5.4400000e-03
   5.0253100e+04   5.4400000e-03
   5.0253150e+04   6.7199999e-03
   5.0253200e+04   5.1199999e-03
   5.0253250e+04   7.1999999e-03
   5.0253300e+04   6.3999998e-03
   5.0253350e+04   5.6799999e-03
   5.0253400e+04   5.3599998e-03
   5.0253450e+04   5.7600001e-03
   5.0253500e+04   7.2800000e-03
   5.0253550e+04   6.0000001e-03
   5.0253600e+04   5.2000000e-03
   5.0253650e+04   6.8000001e-03
   5.0253700e+04   6.6399998e-03
   5.0253750e+04   5.5200001e-03
   5.0253800e+04   7.6000001e-03
   5.0253850e+04   5.7600001e-03
   5.0253900e+04   7.4400003e-03
   5.0253950e+04   5.7600001e-03
   5.0254000e+04   6.9599999e-03
   5.0254050e+04   5.6799999e-03
   5.0254100e+04   6.4800000e-03
   5.0254150e+04   5.5200001e-03
   5.0254200e+04   5.5200001e-03
   5.0254250e+04   4.8799999e-03
   5.0254300e+04   5.4400000e-03
   5.0254350e+04   7.3600002e-03
   5.0254400e+04   6.6399998e-03
   5.0254450e+04   7.3600002e-03
   5.0254500e+04   7.1199997e-03
   5.0254550e+04   6.0799997e-03
   5.0254600e+04   4.8799999e-03
   5.0254650e+04   5.3599998e-03
   5.0254700e+04   6.1599999e-03
   5.0254750e+04   5.6799999e-03
   5.0254800e+04   5.9199999e-03
   5.0254850e+04   8.2400003e-03
   5.0254900e+04   7.7599999e-03
   5.0254950e+04   7.6800003e-03
   5.0255000e+04   5.1199999e-03
   5.0255050e+04   7.7599999e-03
   5.0255100e+04   7.5999997e-03
   5.0255150e+04   8.1599997e-03
   5.0255200e+04   5.9199999e-03
   5.0255250e+04   5.5200001e-03
   5.0255300e+04   5.3599998e-03
   5.0255350e+04   5.1199999e-03
   5.0255400e+04   5.0400002e-03
   5.0255450e+04   6.9599999e-03
   5.0255500e+04   5.5999998e-03
   5.0255550e+04   7.6799998e-03
   5.0255600e+04   4.8000002e-03
   5.0255650e+04   5.9199999e-03
   5.0255700e+04   7.7599999e-03
   5.0255750e+04   6.6399998e-03
   5.0255800e+04   7.7599999e-03
   5.0255850e+04   7.8400001e-03
   5.0255900e+04   6.8800002e-03
   5.0255950e+04   6.0000001e-03
   5.0256000e+04   7.9199998e-03
   5.0256050e+04   7.0400001e-03
   5.0256100e+04   4.3199998e-03
   5.0256150e+04   4.7999998e-03
   5.0256200e+04   5.9199999e-03
   5.0256250e+04   4.8799999e-03
   5.0256300e+04   6.9599999e-03
   5.0256350e+04   6.0000001e-03
   5.0256400e+04   7.1199997e-03
   5.0256450e+04   5.1199999e-03
   5.0256500e+04   6.7199999e-03
   5.0256550e+04   5.3599998e-03
   5.0256600e+04   7.1200002e-03
   5.0256650e+04   6.7199999e-03
   5.0256700e+04   5.2800002e-03
   5.0256750e+04   5.5999998e-03
   5.0256800e+04   6.5600001e-03
   5.0256850e+04   4.8799999e-03
   5.0256900e+04   5.5200001e-03
   5.0256950e+04   5.0400002e-03
   5.0257000e+04   4.9600000e-03
   5.0257050e+04   6.5600001e-03
   5.0257100e+04   6.5600001e-03
   5.0257150e+04   5.5200001e-03
   5.0257200e+04   5.3599998e-03
   5.0257250e+04   6.4800000e-03
   5.0257300e+04   5.5999998e-03
   5.0257350e+04   5.2000000e-03
   5.0257400e+04   5.7600001e-03
   5.0257450e+04   6.2400000e-03
   5.0257500e+04   4.8000002e-03
   5.0257550e+04   5.3599998e-03
   5.0257600e+04   4.7200001e-03
   5.0257650e+04   4.7200001e-03
   5.0257700e+04   5.0399997e-03
   5.0257750e+04   5.6799999e-03
   5.0257800e+04   6.4800000e-03
   5.0257850e+04   4.7200001e-03
   5.0257900e+04   5.9199999e-03
   5.0257950e+04   5.2000000e-03
   5.0258000e+04   5.4400000e-03
   5.0258050e+04   4.4799997e-03
   5.0258100e+04   7.6800003e-03
   5.0258150e+04   4.5599998e-03
   5.0258200e+04   5.3599998e-03
   5.0258250e+04   7.8400001e-03
   5.0258300e+04   6.7199999e-03
   5.0258350e+04   5.5999998e-03
   5.0258400e+04   4.4000000e-03
   5.0258450e+04   4.5599998e-03
   5.0258500e+04   6.8800002e-03
   5.0258550e+04   5.5200001e-03
   5.0258600e+04   4.4800001e-03
   5.0258650e+04   6.3999998e-03
   5.0258700e+04   4.8799999e-03
   5.0258750e+04   5.5200001e-03
   5.0258800e+04   6.3200002e-03
   5.0258850e+04   4.9600000e-03
   5.0258900e+04   4.7200001e-03
   5.0258950e+04   4.4800001e-03
   5.0259000e+04   5.4400000e-03
   5.0259050e+04   4.9600000e-03
   5.0259100e+04   6.3999998e-03
   5.0259150e+04   5.4400000e-03
   5.0259200e+04   6.7199999e-03
   5.0259250e+04   5.7600001e-03
   5.0259300e+04   6.0000001e-03
   5.0259350e+04   6.2400000e-03
   5.0259400e+04   5.7600001e-03
   5.0259450e+04   5.7600001e-03
   5.0259500e+04   6.2400000e-03
   5.0259550e+04   4.5599998e-03
   5.0259600e+04   4.4000000e-03
   5.0259650e+04   5.0399997e-03
   5.0259700e+04   4.7200001e-03
   5.0259750e+04   4.3199998e-03
   5.0259800e+04   4.8000002e-03
   5.0259850e+04   4.4799997e-03
   5.0259900e+04   4.8799999e-03
   5.0259950e+04   6.6399998e-03
   5.0260000e+04   4.8000002e-03
   5.0260050e+04   6.0800002e-03
   5.0260100e+04   4.6399999e-03
   5.0260150e+04   6.0000001e-03
   5.0260200e+04   6.3200002e-03
   5.0260250e+04   4.5599998e-03
   5.0260300e+04   6.0000001e-03
   5.0260350e+04   4.3199998e-03
   5.0260400e+04   4.4799997e-03
   5.0260450e+04   4.0799999e-03
   5.0260500e+04   5.8399998e-03
   5.0260550e+04   4.0799999e-03
   5.0260600e+04   6.2400000e-03
   5.0260650e+04   5.5200001e-03
   5.0260700e+04   5.7600001e-03
   5.0260750e+04   5.5999998e-03
   5.0260800e+04   6.0800002e-03
   5.0260850e+04   4.8000002e-03
   5.0260900e+04   5.6799999e-03
   5.0260950e+04   6.7199999e-03
   5.0261000e+04   5.8400002e-03
   5.0261050e+04   5.1199999e-03
   5.0261100e+04   4.9600000e-03
   5.0261150e+04   7.1999999e-03
   5.0261200e+04   6.9599999e-03
   5.0261250e+04   5.9199999e-03
   5.0261300e+04   6.0799997e-03
   5.0261350e+04   6.8000001e-03
   5.0261400e+04   4.7999998e-03
   5.0261450e+04   6.3200002e-03
   5.0261500e+04   4.2400002e-03
   5.0261550e+04   6.3199997e-03
   5.0261600e+04   6.0000001e-03
   5.0261650e+04   6.3200002e-03
   5.0261700e+04   5.2000000e-03
   5.0261750e+04   4.5599998e-03
   5.0261800e+04   6.3999998e-03
   5.0261850e+04   5.7600001e-03
   5.0261900e+04   6.7199999e-03
   5.0261950e+04   4.0000002e-03
   5.0262000e+04   5.7600001e-03
   5.0262050e+04   4.8799999e-03
   5.0262100e+04   4.4800001e-03
   5.0262150e+04   4.4800001e-03
   5.0262200e+04   6.0000001e-03
   5.0262250e+04   4.1600000e-03
   5.0262300e+04   4.1600000e-03
   5.0262350e+04   4.7200001e-03
   5.0262400e+04   5.1199999e-03
   5.0262450e+04   5.5200001e-03
   5.0262500e+04   5.5200001e-03
   5.0262550e+04   4.9600000e-03
   5.0262600e+04   4.4799997e-03
   5.0262650e+04   5.5999998e-03
   5.0262700e+04   5.3599998e-03
   5.0262750e+04   4.1600000e-03
   5.0262800e+04   4.0000002e-03
   5.0262850e+04   6.0800002e-03
   5.0262900e+04   4.2400002e-03
   5.0262950e+04   3.9999997e-03
   5.0263000e+04   5.5200001e-03
   5.0263050e+04   5.3599998e-03
   5.0263100e+04   5.2800002e-03
   5.0263150e+04   3.6000002e-03
   5.0263200e+04   6.5600001e-03
   5.0263250e+04   5.2800002e-03
   5.0263300e+04   4.9600000e-03
   5.0263350e+04   4.3199998e-03
   5.0263400e+04   3.8399999e-03
   5.0263450e+04   5.0400002e-03
   5.0263500e+04   4.6399999e-03
   5.0263550e+04   6.7199999e-03
   5.0263600e+04   6.4800000e-03
   5.0263650e+04   5.0400002e-03
   5.0263700e+04   4.2400002e-03
   5.0263750e+04   4.1600000e-03
   5.0263800e+04   4.3199998e-03
   5.0263850e+04   4.5599998e-03
   5.0263900e+04   4.5599998e-03
   5.0263950e+04   4.1600000e-03
   5.0264000e+04   5.5999998e-03
   5.0264050e+04   3.8400001e-03
   5.0264100e+04   5.5200001e-03
   5.0264150e+04   4.0000002e-03
   5.0264200e+04   4.4000000e-03
   5.0264250e+04   5.7600001e-03
   5.0264300e+04   3.9200000e-03
   5.0264350e+04   4.0799999e-03
   5.0264400e+04   4.1600000e-03
   5.0264450e+04   4.0799999e-03
   5.0264500e+04   6.9599999e-03
   5.0264550e+04   5.7600001e-03
   5.0264600e+04   6.3999998e-03
   5.0264650e+04   4.0799999e-03
   5.0264700e+04   5.9199999e-03
   5.0264750e+04   5.6799999e-03
   5.0264800e+04   6.8000001e-03
   5.0264850e+04   6.2400000e-03
   5.0264900e+04   5.6799999e-03
   5.0264950e+04   4.7999998e-03
   5.0265000e+04   5.6000003e-03
   5.0265050e+04   4.2400002e-03
   5.0265100e+04   5.2800002e-03
   5.0265150e+04   4.2399997e-03
   5.0265200e+04   5.6799999e-03
   5.0265250e+04   5.9199999e-03
   5.0265300e+04   4.4000000e-03
   5.0265350e+04   6.2400000e-03
   5.0265400e+04   6.1599999e-03
   5.0265450e+04   5.3599998e-03
   5.0265500e+04   5.3600003e-03
   5.0265550e+04   5.9199999e-03
   5.0265600e+04   4.9600000e-03
   5.0265650e+04   4.4800001e-03
   5.0265700e+04   4.0000002e-03
   5.0265750e+04   6.5599997e-03
   5.0265800e+04   4.4000000e-03
   5.0265850e+04   6.0000001e-03
   5.0265900e+04   6.0799997e-03
   5.0265950e+04   6.3200002e-03
   5.0266000e+04   5.0399997e-03
   5.0266050e+04   4.0799999e-03
   5.0266100e+04   3.7600000e-03
   5.0266150e+04   5.6000003e-03
   5.0266200e+04   5.6799999e-03
   5.0266250e+04   3.9200000e-03
   5.0266300e+04   5.5200001e-03
   5.0266350e+04   3.9200000e-03
   5.0266400e+04   4.0000002e-03
   5.0266450e+04   4.0799999e-03
   5.0266500e+04   4.0799999e-03
   5.0266550e+04   4.7200001e-03
   5.0266600e+04   4.7200001e-03
   5.0266650e+04   3.5999999e-03
   5.0266700e+04   4.5599998e-03
   5.0266750e+04   3.9200000e-03
   5.0266800e+04   5.5999998e-03
   5.0266850e+04   5.5999998e-03
   5.0266900e+04   3.9999997e-03
   5.0266950e+04   5.8399998e-03
   5.0267000e+04   4.3199998e-03
   5.0267050e+04   5.3599998e-03
   5.0267100e+04   5.4400000e-03
   5.0267150e+04   4.0000002e-03
   5.0267200e+04   5.0400002e-03
   5.0267250e+04   5.2800002e-03
   5.0267300e+04   6.2400000e-03
   5.0267350e+04   6.3999998e-03
   5.0267400e+04   4.5600003e-03
   5.0267450e+04   4.3199998e-03
   5.0267500e+04   4.3199998e-03
   5.0267550e+04   3.7600000e-03
   5.0267600e+04   5.6799999e-03
   5.0267650e+04   4.4000000e-03
   5.0267700e+04   4.9600000e-03
   5.0267750e+04   6.0000001e-03
   5.0267800e+04   5.0399997e-03
   5.0267850e+04   5.5200001e-03
   5.0267900e+04   6.3999998e-03
   5.0267950e+04   5.0400002e-03
   5.0268000e+04   5.5200001e-03
   5.0268050e+04   5.6000003e-03
   5.0268100e+04   6.0800002e-03
   5.0268150e+04   3.3600000e-03
   5.0268200e+04   3.9999997e-03
   5.0268250e+04   5.7600001e-03
   5.0268300e+04   5.5999998e-03
   5.0268350e+04   6.3999998e-03
   5.0268400e+04   6.8000001e-03
   5.0268450e+04   5.7600001e-03
   5.0268500e+04   4.9600000e-03
   5.0268550e+04   4.7200001e-03
   5.0268600e+04   5.8399998e-03
   5.0268650e+04   5.3599998e-03
   5.0268700e+04   3.1999999e-03
   5.0268750e+04   6.0799997e-03
   5.0268800e+04   4.6399999e-03
   5.0268850e+04   5.8400002e-03
   5.0268900e+04   5.8400002e-03
   5.0268950e+04   5.4400000e-03
   5.0269000e+04   5.1200003e-03
   5.0269050e+04   5.2800002e-03
   5.0269100e+04   4.0799999e-03
   5.0269150e+04   3.8400001e-03
   5.0269200e+04   4.4800001e-03
   5.0269250e+04   4.4800001e-03
   5.0269300e+04   4.8000002e-03
   5.0269350e+04   4.4800001e-03
   5.0269400e+04   3.4400001e-03
   5.0269450e+04   4.1600000e-03
   5.0269500e+04   6.0799997e-03
   5.0269550e+04   6.0800002e-03
   5.0269600e+04   4.8000002e-03
   5.0269650e+04   5.0400002e-03
   5.0269700e+04   4.5600003e-03
   5.0269750e+04   6.0000001e-03
   5.0269800e+04   5.6799999e-03
   5.0269850e+04   6.0000001e-03
   5.0269900e+04   3.5999999e-03
   5.0269950e+04   3.9999997e-03
   5.0270000e+04   4.4800001e-03
   5.0270050e+04   4.0799999e-03
   5.0270100e+04   3.4399999e-03
   5.0270150e+04   6.0000001e-03
   5.0270200e+04   3.6800001e-03
   5.0270250e+04   5.6799999e-03
   5.0270300e+04   3.4400001e-03
   5.0270350e+04   3.9999997e-03
   5.0270400e+04   3.6799998e-03
   5.0270450e+04   4.4000000e-03
   5.0270500e+04   4.7200001e-03
   5.0270550e+04   4.0000002e-03
   5.0270600e+04   4.2399997e-03
   5.0270650e+04   4.6399999e-03
   5.0270700e+04   3.4399999e-03
   5.0270750e+04   4.1600000e-03
   5.0270800e+04   5.2799997e-03
   5.0270850e+04   5.5200001e-03
   5.0270900e+04   5.5200001e-03
   5.0270950e+04   3.7600000e-03
   5.0271000e+04   3.2800001e-03
   5.0271050e+04   4.7200001e-03
   5.0271100e+04   4.6399999e-03
   5.0271150e+04   3.1200000e-03
   5.0271200e+04   3.2800001e-03
   5.0271250e+04   5.5200001e-03
   5.0271300e+04   4.9600000e-03
   5.0271350e+04   3.6000002e-03
   5.0271400e+04   4.3200003e-03
   5.0271450e+04   4.7200001e-03
   5.0271500e+04   3.1999999e-03
   5.0271550e+04   5.4400000e-03
   5.0271600e+04   5.9199999e-03
   5.0271650e+04   4.0799999e-03
   5.0271700e+04   4.9600000e-03
   5.0271750e+04   4.1600000e-03
   5.0271800e+04   3.0400001e-03
   5.0271850e+04   5.1199999e-03
   5.0271900e+04   5.2800002e-03
   5.0271950e+04   4.3199998e-03
   5.0272000e+04   4.0799999e-03
   5.0272050e+04   5.0399997e-03
   5.0272100e+04   4.8000002e-03
   5.0272150e+04   5.1199999e-03
   5.0272200e+04   5.2800002e-03
   5.0272250e+04   3.3600002e-03
   5.0272300e+04   3.2800001e-03
   5.0272350e+04   5.6799999e-03
   5.0272400e+04   3.9200000e-03
   5.0272450e+04   4.1600000e-03
   5.0272500e+04   2.8800000e-03
   5.0272550e+04   3.5999999e-03
   5.0272600e+04   4.8799999e-03
   5.0272650e+04   3.7600000e-03
   5.0272700e+04   5.2000000e-03
   5.0272750e+04   4.6399999e-03
   5.0272800e+04   4.5599998e-03
   5.0272850e+04   4.3199998e-03
   5.0272900e+04   4.7200001e-03
   5.0272950e+04   4.0799999e-03
   5.0273000e+04   5.5200001e-03
   5.0273050e+04   3.9200000e-03
   5.0273100e+04   3.1200000e-03
   5.0273150e+04   5.5999998e-03
   5.0273200e+04   5.4400000e-03
   5.0273250e+04   5.0399997e-03
   5.0273300e+04   5.4400000e-03
   5.0273350e+04   3.1999999e-03
   5.0273400e+04   5.9199999e-03
   5.0273450e+04   4.4000000e-03
   5.0273500e+04   3.9200000e-03
   5.0273550e+04   4.8799999e-03
   5.0273600e+04   4.8000002e-03
   5.0273650e+04   3.9200000e-03
   5.0273700e+04   3.3600000e-03
   5.0273750e+04   5.2800002e-03
   5.0273800e+04   3.0399999e-03
   5.0273850e+04   3.1999999e-03
   5.0273900e+04   5.2000000e-03
   5.0273950e+04   6.0000001e-03
   5.0274000e+04   7.1200002e-03
   5.0274050e+04   3.4399999e-03
   5.0274100e+04   3.1200000e-03
   5.0274150e+04   5.2800002e-03
   5.0274200e+04   3.5200000e-03
   5.0274250e+04   2.8800000e-03
   5.0274300e+04   3.0399999e-03
   5.0274350e+04   5.5999998e-03
   5.0274400e+04   3.3600000e-03
   5.0274450e+04   3.2800001e-03
   5.0274500e+04   4.4000000e-03
   5.0274550e+04   5.3599998e-03
   5.0274600e+04   3.3600000e-03
   5.0274650e+04   3.0399999e-03
   5.0274700e+04   5.3599998e-03
   5.0274750e+04   3.2800001e-03
   5.0274800e+04   4.9600000e-03
   5.0274850e+04   3.3600000e-03
   5.0274900e+04   6.2400000e-03
   5.0274950e+04   5.2800002e-03
   5.0275000e+04   3.1200000e-03
   5.0275050e+04   5.5200001e-03
   5.0275100e+04   5.5200001e-03
   5.0275150e+04   3.9200000e-03
   5.0275200e+04   5.5200001e-03
   5.0275250e+04   5.0400002e-03
   5.0275300e+04   5.5200001e-03
   5.0275350e+04   3.7600000e-03
   5.0275400e+04   5.3599998e-03
   5.0275450e+04   2.8800000e-03
   5.0275500e+04   3.5999999e-03
   5.0275550e+04   2.9600000e-03
   5.0275600e+04   4.3199998e-03
   5.0275650e+04   3.2800001e-03
   5.0275700e+04   3.3600000e-03
   5.0275750e+04   2.6400001e-03
   5.0275800e+04   3.1999999e-03
   5.0275850e+04   5.6799999e-03
   5.0275900e+04   4.7200001e-03
   5.0275950e+04   4.8000002e-03
   5.0276000e+04   3.2799998e-03
   5.0276050e+04   3.8399999e-03
   5.0276100e+04   3.1200000e-03
   5.0276150e+04   3.2000002e-03
   5.0276200e+04   3.5200000e-03
   5.0276250e+04   2.8800000e-03
   5.0276300e+04   3.0399999e-03
   5.0276350e+04   5.6799999e-03
   5.0276400e+04   4.7200001e-03
   5.0276450e+04   4.9600000e-03
   5.0276500e+04   2.8800000e-03
   5.0276550e+04   3.9200000e-03
   5.0276600e+04   4.4800001e-03
   5.0276650e+04   2.8800000e-03
   5.0276700e+04   5.2800002e-03
   5.0276750e+04   3.0400001e-03
   5.0276800e+04   3.4399999e-03
   5.0276850e+04   4.8000002e-03
   5.0276900e+04   4.7200001e-03
   5.0276950e+04   3.6800001e-03
   5.0277000e+04   3.9200000e-03
   5.0277050e+04   4.7200001e-03
   5.0277100e+04   4.0000002e-03
   5.0277150e+04   5.7600001e-03
   5.0277200e+04   4.5599998e-03
   5.0277250e+04   5.3599998e-03
   5.0277300e+04   5.0400002e-03
   5.0277350e+04   2.8800000e-03
   5.0277400e+04   3.8399999e-03
   5.0277450e+04   4.7200001e-03
   5.0277500e+04   3.2800001e-03
   5.0277550e+04   5.5999998e-03
   5.0277600e+04   3.1999999e-03
   5.0277650e+04   3.2000002e-03
   5.0277700e+04   5.0400002e-03
   5.0277750e+04   6.0799997e-03
   5.0277800e+04   5.0400002e-03
   5.0277850e+04   6.4800000e-03
   5.0277900e+04   4.7200001e-03
   5.0277950e+04   4.6399999e-03
   5.0278000e+04   5.0399997e-03
   5.0278050e+04   4.1600000e-03
   5.0278100e+04   4.0799999e-03
   5.0278150e+04   3.4399999e-03
   5.0278200e+04   5.2000000e-03
   5.0278250e+04   3.0400001e-03
   5.0278300e+04   4.6399999e-03
   5.0278350e+04   5.0399997e-03
   5.0278400e+04   5.3599998e-03
   5.0278450e+04   5.0400002e-03
   5.0278500e+04   5.0399997e-03
   5.0278550e+04   4.0799999e-03
   5.0278600e+04   5.4400000e-03
   5.0278650e+04   4.0799999e-03
   5.0278700e+04   2.7999999e-03
   5.0278750e+04   5.0400002e-03
   5.0278800e+04   3.2000002e-03
   5.0278850e+04   3.2800001e-03
   5.0278900e+04   3.1200000e-03
   5.0278950e+04   2.7999999e-03
   5.0279000e+04   4.0799999e-03
   5.0279050e+04   2.7999999e-03
   5.0279100e+04   2.6400001e-03
   5.0279150e+04   2.8800000e-03
   5.0279200e+04   4.4000000e-03
   5.0279250e+04   5.3600003e-03
   5.0279300e+04   4.0799999e-03
   5.0279350e+04   2.8800000e-03
   5.0279400e+04   2.7200000e-03
   5.0279450e+04   5.6000003e-03
   5.0279500e+04   4.7999998e-03
   5.0279550e+04   3.2800001e-03
   5.0279600e+04   3.1200000e-03
   5.0279650e+04   2.9600000e-03
   5.0279700e+04   5.3599998e-03
   5.0279750e+04   5.2000000e-03
   5.0279800e+04   4.0000002e-03
   5.0279850e+04   5.2800002e-03
   5.0279900e+04   3.1200000e-03
   5.0279950e+04   5.2000000e-03
   5.0280000e+04   5.2000000e-03
   5.0280050e+04   2.8800000e-03
   5.0280100e+04   3.3600000e-03
   5.0280150e+04   4.5599998e-03
   5.0280200e+04   5.3599998e-03
   5.0280250e+04   5.5999998e-03
   5.0280300e+04   2.8800000e-03
   5.0280350e+04   2.4800000e-03
   5.0280400e+04   5.0399997e-03
   5.0280450e+04   3.3600000e-03
   5.0280500e+04   2.4800000e-03
   5.0280550e+04   2.8800000e-03
   5.0280600e+04   3.2000002e-03
   5.0280650e+04   5.5200001e-03
   5.0280700e+04   4.5600003e-03
   5.0280750e+04   4.4000000e-03
   5.0280800e+04   6.5599997e-03
   5.0280850e+04   5.3599998e-03
   5.0280900e+04   5.5200001e-03
   5.0280950e+04   2.7200000e-03
   5.0281000e+04   2.7999999e-03
   5.0281050e+04   5.5200001e-03
   5.0281100e+04   4.7200001e-03
   5.0281150e+04   4.9600000e-03
   5.0281200e+04   2.8800000e-03
   5.0281250e+04   3.1999999e-03
   5.0281300e+04   2.8800000e-03
   5.0281350e+04   5.2000000e-03
   5.0281400e+04   3.6799998e-03
   5.0281450e+04   5.0399997e-03
   5.0281500e+04   4.0799999e-03
   5.0281550e+04   2.7999999e-03
   5.0281600e+04   5.6000003e-03
   5.0281650e+04   3.7600000e-03
   5.0281700e+04   3.4400001e-03
   5.0281750e+04   3.4399999e-03
   5.0281800e+04   2.9600000e-03
   5.0281850e+04   5.5200001e-03
   5.0281900e+04   4.9600000e-03
   5.0281950e+04   2.8000001e-03
   5.0282000e+04   5.5200001e-03
   5.0282050e+04   4.0799999e-03
   5.0282100e+04   5.5999998e-03
   5.0282150e+04   4.1600000e-03
   5.0282200e+04   3.0399999e-03
   5.0282250e+04   5.1199999e-03
   5.0282300e+04   5.2800002e-03
   5.0282350e+04   4.2400002e-03
   5.0282400e+04   3.0399999e-03
   5.0282450e+04   3.8400001e-03
   5.0282500e+04   5.6000003e-03
   5.0282550e+04   5.6799999e-03
   5.0282600e+04   3.5200000e-03
   5.0282650e+04   4.4800001e-03
   5.0282700e+04   4.7200001e-03
   5.0282750e+04   5.3599998e-03
   5.0282800e+04   4.4000000e-03
   5.0282850e+04   3.1200000e-03
   5.0282900e+04   5.2800002e-03
   5.0282950e+04   4.9600000e-03
   5.0283000e+04   3.2800001e-03
   5.0283050e+04   4.8799999e-03
   5.0283100e+04   2.9600000e-03
   5.0283150e+04   3.0400001e-03
   5.0283200e+04   6.0000001e-03
   5.0283250e+04   4.9600000e-03
   5.0283300e+04   2.7200000e-03
   5.0283350e+04   4.1600000e-03
   5.0283400e+04   3.9200000e-03
   5.0283450e+04   5.5999998e-03
   5.0283500e+04   5.2800002e-03
   5.0283550e+04   4.4800001e-03
   5.0283600e+04   3.6799998e-03
   5.0283650e+04   3.1200000e-03
   5.0283700e+04   2.8800000e-03
   5.0283750e+04   5.5999998e-03
   5.0283800e+04   3.0400001e-03
   5.0283850e+04   4.4800001e-03
   5.0283900e+04   5.1199999e-03
   5.0283950e+04   3.3600000e-03
   5.0284000e+04   2.8000001e-03
   5.0284050e+04   5.2800002e-03
   5.0284100e+04   2.6400001e-03
   5.0284150e+04   4.6399999e-03
   5.0284200e+04   3.9200000e-03
   5.0284250e+04   4.7200001e-03
   5.0284300e+04   3.8399999e-03
   5.0284350e+04   2.8000001e-03
   5.0284400e+04   3.5999999e-03
   5.0284450e+04   2.8800000e-03
   5.0284500e+04   5.4400000e-03
   5.0284550e+04   5.2000000e-03
   5.0284600e+04   2.8800000e-03
   5.0284650e+04   2.7999999e-03
   5.0284700e+04   4.1600000e-03
   5.0284750e+04   2.8000001e-03
   5.0284800e+04   4.9600000e-03
   5.0284850e+04   4.0799999e-03
   5.0284900e+04   5.5200001e-03
   5.0284950e+04   5.1200003e-03
   5.0285000e+04   4.3199998e-03
   5.0285050e+04   2.9600000e-03
   5.0285100e+04   4.6399999e-03
   5.0285150e+04   5.5200001e-03
   5.0285200e+04   5.2000000e-03
   5.0285250e+04   5.6799999e-03
   5.0285300e+04   2.4800000e-03
   5.0285350e+04   5.3600003e-03
   5.0285400e+04   4.7999998e-03
   5.0285450e+04   3.1200000e-03
   5.0285500e+04   6.2400000e-03
   5.0285550e+04   5.2000000e-03
   5.0285600e+04   5.8399998e-03
   5.0285650e+04   4.4800001e-03
   5.0285700e+04   3.3600000e-03
   5.0285750e+04   5.7600001e-03
   5.0285800e+04   5.5999998e-03
   5.0285850e+04   3.1999999e-03
   5.0285900e+04   2.6400001e-03
   5.0285950e+04   2.6400001e-03
   5.0286000e+04   5.6799999e-03
   5.0286050e+04   2.7200000e-03
   5.0286100e+04   5.4400000e-03
   5.0286150e+04   5.1200003e-03
   5.0286200e+04   3.6800001e-03
   5.0286250e+04   4.0000002e-03
   5.0286300e+04   2.7200000e-03
   5.0286350e+04   2.7200000e-03
   5.0286400e+04   4.4000000e-03
   5.0286450e+04   4.6399999e-03
   5.0286500e+04   5.0400002e-03
   5.0286550e+04   2.9600000e-03
   5.0286600e+04   3.2000002e-03
   5.0286650e+04   5.2800002e-03
   5.0286700e+04   4.2400002e-03
   5.0286750e+04   4.3199998e-03
   5.0286800e+04   3.5200000e-03
   5.0286850e+04   3.1999999e-03
   5.0286900e+04   2.8000001e-03
   5.0286950e+04   2.9600000e-03
   5.0287000e+04   4.7200001e-03
   5.0287050e+04   6.3999998e-03
   5.0287100e+04   3.9200000e-03
   5.0287150e+04   5.2000000e-03
   5.0287200e+04   3.8399999e-03
   5.0287250e+04   5.3599998e-03
   5.0287300e+04   4.8799999e-03
   5.0287350e+04   4.2399997e-03
   5.0287400e+04   5.6799999e-03
   5.0287450e+04   2.8000001e-03
   5.0287500e+04   3.0400001e-03
   5.0287550e+04   2.9600000e-03
   5.0287600e+04   3.5200000e-03
   5.0287650e+04   2.7200000e-03
   5.0287700e+04   2.8800000e-03
   5.0287750e+04   5.8400002e-03
   5.0287800e+04   5.9199999e-03
   5.0287850e+04   5.6000003e-03
   5.0287900e+04   4.7999998e-03
   5.0287950e+04   5.2799997e-03
   5.0288000e+04   5.2800002e-03
   5.0288050e+04   4.7200001e-03
   5.0288100e+04   3.1200000e-03
   5.0288150e+04   5.5200001e-03
   5.0288200e+04   2.8800000e-03
   5.0288250e+04   3.1999999e-03
   5.0288300e+04   5.4400000e-03
   5.0288350e+04   3.3600000e-03
   5.0288400e+04   3.6799998e-03
   5.0288450e+04   2.7200000e-03
   5.0288500e+04   2.9600000e-03
   5.0288550e+04   6.1599999e-03
   5.0288600e+04   5.2800002e-03
   5.0288650e+04   6.0799997e-03
   5.0288700e+04   5.4400000e-03
   5.0288750e+04   4.8799999e-03
   5.0288800e+04   2.5599999e-03
   5.0288850e+04   4.0799999e-03
   5.0288900e+04   3.7600000e-03
   5.0288950e+04   3.1200000e-03
   5.0289000e+04   3.2800001e-03
   5.0289050e+04   3.6800001e-03
   5.0289100e+04   5.1199999e-03
   5.0289150e+04   6.0000001e-03
   5.0289200e+04   4.6399999e-03
   5.0289250e+04   4.2399997e-03
   5.0289300e+04   5.3599998e-03
   5.0289350e+04   4.9600000e-03
   5.0289400e+04   6.1599999e-03
   5.0289450e+04   6.0000001e-03
   5.0289500e+04   5.3599998e-03
   5.0289550e+04   4.7200001e-03
   5.0289600e+04   5.3600003e-03
   5.0289650e+04   5.2800002e-03
   5.0289700e+04   5.6799999e-03
   5.0289750e+04   3.2800001e-03
   5.0289800e+04   4.8799999e-03
   5.0289850e+04   5.2000000e-03
   5.0289900e+04   3.1999999e-03
   5.0289950e+04   5.5999998e-03
   5.0290000e+04   3.6800001e-03
   5.0290050e+04   4.8799999e-03
   5.0290100e+04   4.3199998e-03
   5.0290150e+04   5.6799999e-03
   5.0290200e+04   5.6799999e-03
   5.0290250e+04   3.3600000e-03
   5.0290300e+04   2.7999999e-03
   5.0290350e+04   3.1200000e-03
   5.0290400e+04   3.5200000e-03
   5.0290450e+04   3.4400001e-03
   5.0290500e+04   6.2400000e-03
   5.0290550e+04   4.4800001e-03
   5.0290600e+04   2.9600000e-03
   5.0290650e+04   3.0400001e-03
   5.0290700e+04   3.2800001e-03
   5.0290750e+04   4.0799999e-03
   5.0290800e+04   4.4000000e-03
   5.0290850e+04   4.9600000e-03
   5.0290900e+04   5.5999998e-03
   5.0290950e+04   4.4000000e-03
   5.0291000e+04   4.5599998e-03
   5.0291050e+04   3.5200000e-03
   5.0291100e+04   5.2800002e-03
   5.0291150e+04   3.1200000e-03
   5.0291200e+04   3.1200000e-03
   5.0291250e+04   4.3199998e-03
   5.0291300e+04   5.5999998e-03
   5.0291350e+04   3.7600000e-03
   5.0291400e+04   6.0000001e-03
   5.0291450e+04   6.0000001e-03
   5.0291500e+04   5.5200001e-03
   5.0291550e+04   4.0799999e-03
   5.0291600e+04   5.9199999e-03
   5.0291650e+04   2.7200000e-03
   5.0291700e+04   3.2799998e-03
   5.0291750e+04   3.1999999e-03
   5.0291800e+04   2.8800000e-03
   5.0291850e+04   5.4400000e-03
   5.0291900e+04   5.2800002e-03
   5.0291950e+04   5.9199999e-03
   5.0292000e+04   5.5999998e-03
   5.0292050e+04   5.9199999e-03
   5.0292100e+04   5.8400002e-03
   5.0292150e+04   5.4400000e-03
   5.0292200e+04   2.7200000e-03
   5.0292250e+04   3.0400001e-03
   5.0292300e+04   4.1600000e-03
   5.0292350e+04   4.4800001e-03
   5.0292400e+04   4.4800001e-03
   5.0292450e+04   5.2800002e-03
   5.0292500e+04   5.2000000e-03
   5.0292550e+04   5.7600001e-03
   5.0292600e+04   3.6800001e-03
   5.0292650e+04   5.6799999e-03
   5.0292700e+04   3.4400001e-03
   5.0292750e+04   4.6399999e-03
   5.0292800e+04   6.1599999e-03
   5.0292850e+04   3.1200000e-03
   5.0292900e+04   5.0400002e-03
   5.0292950e+04   6.0799997e-03
   5.0293000e+04   5.2800002e-03
   5.0293050e+04   3.2800001e-03
   5.0293100e+04   3.3600000e-03
   5.0293150e+04   6.0800002e-03
   5.0293200e+04   5.3599998e-03
   5.0293250e+04   4.0000002e-03
   5.0293300e+04   4.0799999e-03
   5.0293350e+04   4.9600000e-03
   5.0293400e+04   3.6799998e-03
   5.0293450e+04   3.6800001e-03
   5.0293500e+04   3.4400001e-03
   5.0293550e+04   3.2799998e-03
   5.0293600e+04   5.7600001e-03
   5.0293650e+04   3.3600000e-03
   5.0293700e+04   5.6000003e-03
   5.0293750e+04   3.1200000e-03
   5.0293800e+04   4.0799999e-03
   5.0293850e+04   6.0800002e-03
   5.0293900e+04   3.9200000e-03
   5.0293950e+04   3.3600000e-03
   5.0294000e+04   4.8000002e-03
   5.0294050e+04   3.7600000e-03
   5.0294100e+04   4.8000002e-03
   5.0294150e+04   3.6800001e-03
   5.0294200e+04   4.1600000e-03
   5.0294250e+04   5.2000000e-03
   5.0294300e+04   6.0000001e-03
   5.0294350e+04   3.3600000e-03
   5.0294400e+04   4.4000000e-03
   5.0294450e+04   3.4400001e-03
   5.0294500e+04   3.1999999e-03
   5.0294550e+04   3.2799998e-03
   5.0294600e+04   5.3599998e-03
   5.0294650e+04   5.6799999e-03
   5.0294700e+04   5.5999998e-03
   5.0294750e+04   3.2000002e-03
   5.0294800e+04   4.0799999e-03
   5.0294850e+04   3.1999999e-03
   5.0294900e+04   3.4400001e-03
   5.0294950e+04   3.1999999e-03
   5.0295000e+04   3.0400001e-03
   5.0295050e+04   3.6800001e-03
   5.0295100e+04   5.2799997e-03
   5.0295150e+04   3.5999999e-03
   5.0295200e+04   6.2400000e-03
   5.0295250e+04   5.4400000e-03
   5.0295300e+04   3.4399999e-03
   5.0295350e+04   5.0399997e-03
   5.0295400e+04   5.1199999e-03
   5.0295450e+04   4.5599998e-03
   5.0295500e+04   3.8400001e-03
   5.0295550e+04   6.4000003e-03
   5.0295600e+04   4.3199998e-03
   5.0295650e+04   3.7600000e-03
   5.0295700e+04   5.3600003e-03
   5.0295750e+04   5.5999998e-03
   5.0295800e+04   3.4399999e-03
   5.0295850e+04   3.2800001e-03
   5.0295900e+04   3.7600000e-03
   5.0295950e+04   7.2799996e-03
   5.0296000e+04   6.0000001e-03
   5.0296050e+04   3.8399999e-03
   5.0296100e+04   3.1999999e-03
   5.0296150e+04   3.3600000e-03
   5.0296200e+04   3.7600000e-03
   5.0296250e+04   4.0000002e-03
   5.0296300e+04   3.1999999e-03
   5.0296350e+04   3.5200000e-03
   5.0296400e+04   3.4399999e-03
   5.0296450e+04   4.7200001e-03
   5.0296500e+04   3.6800001e-03
   5.0296550e+04   5.3599998e-03
   5.0296600e+04   3.2000002e-03
   5.0296650e+04   4.8799999e-03
   5.0296700e+04   5.5200001e-03
   5.0296750e+04   3.6000002e-03
   5.0296800e+04   4.4000000e-03
   5.0296850e+04   5.9199999e-03
   5.0296900e+04   4.0799999e-03
   5.0296950e+04   3.6800001e-03
   5.0297000e+04   3.7600000e-03
   5.0297050e+04   3.6799998e-03
   5.0297100e+04   4.3200003e-03
   5.0297150e+04   5.6799999e-03
   5.0297200e+04   5.8400002e-03
   5.0297250e+04   5.6799999e-03
   5.0297300e+04   4.3199998e-03
   5.0297350e+04   3.2000002e-03
   5.0297400e+04   3.7600000e-03
   5.0297450e+04   3.4400001e-03
   5.0297500e+04   3.3600000e-03
   5.0297550e+04   4.5600003e-03
   5.0297600e+04   5.0400002e-03
   5.0297650e+04   3.3600000e-03
   5.0297700e+04   4.9600000e-03
   5.0297750e+04   5.6799999e-03
   5.0297800e+04   5.0399997e-03
   5.0297850e+04   4.4800001e-03
   5.0297900e+04   3.7600000e-03
   5.0297950e+04   6.0000001e-03
   5.0298000e+04   6.2400000e-03
   5.0298050e+04   4.4800001e-03
   5.0298100e+04   3.5200000e-03
   5.0298150e+04   4.0000002e-03
   5.0298200e+04   4.4000000e-03
   5.0298250e+04   3.4399999e-03
   5.0298300e+04   3.2800001e-03
   5.0298350e+04   4.4000000e-03
   5.0298400e+04   4.0799999e-03
   5.0298450e+04   3.6000002e-03
   5.0298500e+04   3.3600000e-03
   5.0298550e+04   6.4800000e-03
   5.0298600e+04   3.5200000e-03
   5.0298650e+04   3.6800001e-03
   5.0298700e+04   5.6799999e-03
   5.0298750e+04   3.7600000e-03
   5.0298800e+04   6.4800000e-03
   5.0298850e+04   5.3599998e-03
   5.0298900e+04   6.0000001e-03
   5.0298950e+04   6.2400000e-03
   5.0299000e+04   3.3600000e-03
   5.0299050e+04   6.0800002e-03
   5.0299100e+04   3.8400001e-03
   5.0299150e+04   5.9199999e-03
   5.0299200e+04   6.5599997e-03
   5.0299250e+04   3.6799998e-03
   5.0299300e+04   6.0000001e-03
   5.0299350e+04   4.8000002e-03
   5.0299400e+04   6.2400000e-03
   5.0299450e+04   5.1199999e-03
   5.0299500e+04   3.8399999e-03
   5.0299550e+04   4.9600000e-03
   5.0299600e+04   3.8399999e-03
   5.0299650e+04   6.2400000e-03
   5.0299700e+04   5.8399998e-03
   5.0299750e+04   3.5999999e-03
   5.0299800e+04   3.5999999e-03
   5.0299850e+04   5.4400000e-03
   5.0299900e+04   5.3599998e-03
   5.0299950e+04   4.2399997e-03
   5.0300000e+04   5.6799999e-03
