   4.9500000e+04   1.7400000e-02
   4.9510000e+04   2.4000000e-02
   4.9520000e+04   2.3599999e-02
   4.9530000e+04   2.4000000e-02
   4.9540000e+04   2.3599999e-02
   4.9550000e+04   2.4399999e-02
   4.9560000e+04   2.5000000e-02
   4.9570000e+04   2.3599999e-02
   4.9580000e+04   2.4000000e-02
   4.9590000e+04   2.3800001e-02
   4.9600000e+04   2.5000000e-02
   4.9610000e+04   2.5200000e-02
   4.9620000e+04   2.4799999e-02
   4.9630000e+04   2.6400000e-02
   4.9640000e+04   2.6799999e-02
   4.9650000e+04   2.4599999e-02
   4.9660000e+04   2.5999999e-02
   4.9670000e+04   2.5799999e-02
   4.9680000e+04   2.6999999e-02
   4.9690000e+04   2.5799999e-02
   4.9700000e+04   2.6400000e-02
   4.9710000e+04   2.7999999e-02
   4.9720000e+04   2.6599999e-02
   4.9730000e+04   2.7600000e-02
   4.9740000e+04   2.7200000e-02
   4.9750000e+04   2.7799999e-02
   4.9760000e+04   2.7200000e-02
   4.9770000e+04   2.7400000e-02
   4.9780000e+04   2.8200000e-02
   4.9790000e+04   2.8600000e-02
   4.9800000e+04   2.8000001e-02
   4.9810000e+04   2.8400000e-02
   4.9820000e+04   2.8400000e-02
   4.9830000e+04   2.9400000e-02
   4.9840000e+04   2.8600000e-02
   4.9850000e+04   2.9400000e-02
   4.9860000e+04   3.1399999e-02
   4.9870000e+04   2.9999999e-02
   4.9880000e+04   3.0600000e-02
   4.9890000e+04   3.1200001e-02
   4.9900000e+04   3.1800002e-02
   4.9910000e+04   3.3999998e-02
   4.9920000e+04   3.2800000e-02
   4.9930000e+04   3.4399997e-02
   4.9940000e+04   3.5200000e-02
   4.9950000e+04   3.6199998e-02
   4.9960000e+04   3.9200000e-02
   4.9970000e+04   3.9799999e-02
   4.9980000e+04   4.0399998e-02
   4.9990000e+04   4.1999999e-02
   5.0000000e+04   4.4000000e-02
   5.0000500e+04   4.7199998e-02
   5.0001000e+04   4.8400000e-02
   5.0001500e+04   4.8799999e-02
   5.0002000e+04   4.7199998e-02
   5.0002500e+04   4.8799999e-02
   5.0003000e+04   4.7600001e-02
   5.0003500e+04   4.8799999e-02
   5.0004000e+04   4.9199998e-02
   5.0004500e+04   4.9600001e-02
   5.0005000e+04   4.8799999e-02
   5.0005500e+04   4.8799999e-02
   5.0006000e+04   4.8000000e-02
   5.0006500e+04   4.8799999e-02
   5.0007000e+04   4.8400000e-02
   5.0007500e+04   5.0000001e-02
   5.0008000e+04   5.0799999e-02
   5.0008500e+04   4.8400000e-02
   5.0009000e+04   4.9599998e-02
   5.0009500e+04   5.1199999e-02
   5.0010000e+04   5.0799999e-02
   5.0010500e+04   5.0400000e-02
   5.0011000e+04   5.1600002e-02
   5.0011500e+04   5.0000001e-02
   5.0012000e+04   5.1599998e-02
   5.0012500e+04   5.1600002e-02
   5.0013000e+04   5.1199999e-02
   5.0013500e+04   5.2000001e-02
   5.0014000e+04   5.2800000e-02
   5.0014500e+04   5.0400000e-02
   5.0015000e+04   5.2400000e-02
   5.0015500e+04   5.4000001e-02
   5.0016000e+04   5.2400000e-02
   5.0016500e+04   5.2400000e-02
   5.0017000e+04   5.2400000e-02
   5.0017500e+04   5.3599998e-02
   5.0018000e+04   5.1199999e-02
   5.0018500e+04   5.2800000e-02
   5.0019000e+04   5.2400000e-02
   5.0019500e+04   5.4400001e-02
   5.0020000e+04   5.3999998e-02
   5.0020500e+04   5.4400001e-02
   5.0021000e+04   5.3999998e-02
   5.0021500e+04   5.3999998e-02
   5.0022000e+04   5.4800000e-02
   5.0022500e+04   5.5599999e-02
   5.0023000e+04   5.5199999e-02
   5.0023500e+04   5.4400001e-02
   5.0024000e+04   5.5599999e-02
   5.0024500e+04   5.6000002e-02
   5.0025000e+04   5.7200000e-02
   5.0025500e+04   5.6400001e-02
   5.0026000e+04   5.6800000e-02
   5.0026500e+04   5.7200000e-02
   5.0027000e+04   5.7599999e-02
   5.0027500e+04   5.7599999e-02
   5.0028000e+04   5.8800001e-02
   5.0028500e+04   5.8399998e-02
   5.0029000e+04   5.7200000e-02
   5.0029500e+04   5.7999998e-02
   5.0030000e+04   5.7599999e-02
   5.0030500e+04   5.9999999e-02
   5.0031000e+04   5.9999999e-02
   5.0031500e+04   6.0800001e-02
   5.0032000e+04   6.1200000e-02
   5.0032500e+04   6.1200000e-02
   5.0033000e+04   6.1200000e-02
   5.0033500e+04   6.1999999e-02
   5.0034000e+04   6.0799997e-02
   5.0034500e+04   6.2799998e-02
   5.0035000e+04   6.1999999e-02
   5.0035500e+04   6.2799998e-02
   5.0036000e+04   6.1999999e-02
   5.0036500e+04   6.3199997e-02
   5.0037000e+04   6.3999996e-02
   5.0037500e+04   6.4400002e-02
   5.0038000e+04   6.7199998e-02
   5.0038500e+04   6.4800002e-02
   5.0039000e+04   6.4400002e-02
   5.0039500e+04   6.5200001e-02
   5.0040000e+04   6.5200001e-02
   5.0040500e+04   6.6799998e-02
   5.0041000e+04   6.7599997e-02
   5.0041500e+04   6.6399999e-02
   5.0042000e+04   6.7599997e-02
   5.0042500e+04   6.7599997e-02
   5.0043000e+04   6.8399996e-02
   5.0043500e+04   6.8799995e-02
   5.0044000e+04   7.0000000e-02
   5.0044500e+04   6.9600001e-02
   5.0045000e+04   6.8800002e-02
   5.0045500e+04   7.0400000e-02
   5.0046000e+04   7.1599998e-02
   5.0046500e+04   7.1599998e-02
   5.0047000e+04   7.2399996e-02
   5.0047500e+04   7.3200002e-02
   5.0048000e+04   7.5599998e-02
   5.0048500e+04   7.4000001e-02
   5.0049000e+04   7.3200002e-02
   5.0049500e+04   7.4000001e-02
   5.0050000e+04   7.5999998e-02
   5.0050500e+04   7.5599998e-02
   5.0051000e+04   7.5199999e-02
   5.0051500e+04   7.6399997e-02
   5.0052000e+04   7.7199995e-02
   5.0052500e+04   7.8800000e-02
   5.0053000e+04   7.9599999e-02
   5.0053500e+04   7.9599999e-02
   5.0054000e+04   8.2000002e-02
   5.0054500e+04   8.1599995e-02
   5.0055000e+04   8.3999999e-02
   5.0055500e+04   8.3999999e-02
   5.0056000e+04   8.6399995e-02
   5.0056500e+04   8.6400002e-02
   5.0057000e+04   8.7200001e-02
   5.0057500e+04   8.4799998e-02
   5.0058000e+04   8.9599997e-02
   5.0058500e+04   8.7999999e-02
   5.0059000e+04   8.8799998e-02
   5.0059500e+04   9.2000000e-02
   5.0060000e+04   9.0399995e-02
   5.0060500e+04   9.2000000e-02
   5.0061000e+04   9.2799999e-02
   5.0061500e+04   9.4400004e-02
   5.0062000e+04   9.6000001e-02
   5.0062500e+04   9.5200002e-02
   5.0063000e+04   9.7599998e-02
   5.0063500e+04   9.9200003e-02
   5.0064000e+04   9.7599998e-02
   5.0064500e+04   1.0080000e-01
   5.0065000e+04   1.0320000e-01
   5.0065500e+04   1.0320000e-01
   5.0066000e+04   1.0399999e-01
   5.0066500e+04   1.0560000e-01
   5.0067000e+04   1.0720000e-01
   5.0067500e+04   1.0879999e-01
   5.0068000e+04   1.1040000e-01
   5.0068500e+04   1.0879999e-01
   5.0069000e+04   1.1280000e-01
   5.0069500e+04   1.1520000e-01
   5.0070000e+04   1.1760000e-01
   5.0070500e+04   1.1920000e-01
   5.0071000e+04   1.2000000e-01
   5.0071500e+04   1.2240000e-01
   5.0072000e+04   1.2560000e-01
   5.0072500e+04   1.2560000e-01
   5.0073000e+04   1.2719999e-01
   5.0073500e+04   1.2880000e-01
   5.0074000e+04   1.3280000e-01
   5.0074500e+04   1.3440000e-01
   5.0075000e+04   1.3760000e-01
   5.0075500e+04   1.4000000e-01
   5.0076000e+04   1.4160000e-01
   5.0076500e+04   1.4479999e-01
   5.0077000e+04   1.4880000e-01
   5.0077500e+04   1.5040000e-01
   5.0078000e+04   1.5600000e-01
   5.0078500e+04   1.5920000e-01
   5.0079000e+04   1.6080000e-01
   5.0079500e+04   1.6480000e-01
   5.0080000e+04   1.6880000e-01
   5.0080500e+04   1.7440000e-01
   5.0081000e+04   1.7600000e-01
   5.0081500e+04   1.8079999e-01
   5.0082000e+04   1.8799999e-01
   5.0082500e+04   1.9440000e-01
   5.0083000e+04   1.9839999e-01
   5.0083500e+04   2.0240000e-01
   5.0084000e+04   2.0320000e-01
   5.0084500e+04   2.2200002e-01
   5.0085000e+04   2.2400001e-01
   5.0085500e+04   2.3800002e-01
   5.0086000e+04   2.4400002e-01
   5.0086500e+04   2.5200000e-01
   5.0087000e+04   2.6200002e-01
   5.0087500e+04   2.7400002e-01
   5.0088000e+04   2.8800002e-01
   5.0088500e+04   3.0000001e-01
   5.0089000e+04   3.1800002e-01
   5.0089500e+04   3.3000001e-01
   5.0090000e+04   3.4800002e-01
   5.0090500e+04   3.6600003e-01
   5.0091000e+04   3.9000002e-01
   5.0091500e+04   4.1400003e-01
   5.0092000e+04   4.5200002e-01
   5.0092500e+04   4.8400003e-01
   5.0093000e+04   5.2400005e-01
   5.0093500e+04   5.7600003e-01
   5.0094000e+04   6.3200003e-01
   5.0094500e+04   7.0400006e-01
   5.0095000e+04   7.8400004e-01
   5.0095500e+04   8.8800007e-01
   5.0096000e+04   1.0080000e+00
   5.0096500e+04   1.1680001e+00
   5.0097000e+04   1.3280001e+00
   5.0097500e+04   1.4560001e+00
   5.0098000e+04   1.5280001e+00
   5.0098500e+04   1.4880000e+00
   5.0099000e+04   1.3600000e+00
   5.0099500e+04   1.2000000e+00
   5.0100000e+04   1.0400001e+00
   5.0100500e+04   9.1200006e-01
   5.0101000e+04   8.0000001e-01
   5.0101500e+04   7.2800004e-01
   5.0102000e+04   6.4800006e-01
   5.0102500e+04   5.6800002e-01
   5.0103000e+04   5.2400005e-01
   5.0103500e+04   4.7200003e-01
   5.0104000e+04   4.4000003e-01
   5.0104500e+04   4.0400001e-01
   5.0105000e+04   3.8400003e-01
   5.0105500e+04   3.5000002e-01
   5.0106000e+04   3.3200002e-01
   5.0106500e+04   3.0800003e-01
   5.0107000e+04   2.8800002e-01
   5.0107500e+04   2.7600002e-01
   5.0108000e+04   2.6200002e-01
   5.0108500e+04   2.5200000e-01
   5.0109000e+04   2.3800002e-01
   5.0109500e+04   2.2800002e-01
   5.0110000e+04   2.2000001e-01
   5.0110500e+04   2.0800000e-01
   5.0111000e+04   2.0000000e-01
   5.0111500e+04   1.9600001e-01
   5.0112000e+04   1.8600002e-01
   5.0112500e+04   1.7600000e-01
   5.0113000e+04   1.6960000e-01
   5.0113500e+04   1.6480000e-01
   5.0114000e+04   1.6239999e-01
   5.0114500e+04   1.5520000e-01
   5.0115000e+04   1.5120000e-01
   5.0115500e+04   1.4720000e-01
   5.0116000e+04   1.4320000e-01
   5.0116500e+04   1.3599999e-01
   5.0117000e+04   1.3440000e-01
   5.0117500e+04   1.3120000e-01
   5.0118000e+04   1.2880000e-01
   5.0118500e+04   1.2719999e-01
   5.0119000e+04   1.2160000e-01
   5.0119500e+04   1.1840000e-01
   5.0120000e+04   1.1440000e-01
   5.0120500e+04   1.1200000e-01
   5.0121000e+04   1.0879999e-01
   5.0121500e+04   1.0640000e-01
   5.0122000e+04   1.0400000e-01
   5.0122500e+04   1.0320000e-01
   5.0123000e+04   9.9199995e-02
   5.0123500e+04   9.7599998e-02
   5.0124000e+04   9.6000001e-02
   5.0124500e+04   9.2799999e-02
   5.0125000e+04   9.1199994e-02
   5.0125500e+04   8.9599997e-02
   5.0126000e+04   8.7999999e-02
   5.0126500e+04   8.6400002e-02
   5.0127000e+04   8.3200000e-02
   5.0127500e+04   8.3200000e-02
   5.0128000e+04   7.9999998e-02
   5.0128500e+04   7.9200000e-02
   5.0129000e+04   7.9200000e-02
   5.0129500e+04   7.6399997e-02
   5.0130000e+04   7.5599998e-02
   5.0130500e+04   7.3600002e-02
   5.0131000e+04   7.1599998e-02
   5.0131500e+04   7.2000004e-02
   5.0132000e+04   6.8399996e-02
   5.0132500e+04   6.8400003e-02
   5.0133000e+04   6.6799998e-02
   5.0133500e+04   6.6000000e-02
   5.0134000e+04   6.6000000e-02
   5.0134500e+04   6.5200001e-02
   5.0135000e+04   6.4000003e-02
   5.0135500e+04   6.1999999e-02
   5.0136000e+04   6.1200000e-02
   5.0136500e+04   5.9999999e-02
   5.0137000e+04   6.1600000e-02
   5.0137500e+04   5.8399998e-02
   5.0138000e+04   5.7599999e-02
   5.0138500e+04   5.8399998e-02
   5.0139000e+04   5.6400001e-02
   5.0139500e+04   5.5599999e-02
   5.0140000e+04   5.6800000e-02
   5.0140500e+04   5.4800000e-02
   5.0141000e+04   5.3199999e-02
   5.0141500e+04   5.2800000e-02
   5.0142000e+04   5.2000001e-02
   5.0142500e+04   5.0799999e-02
   5.0143000e+04   5.0000001e-02
   5.0143500e+04   5.1600002e-02
   5.0144000e+04   4.9600001e-02
   5.0144500e+04   4.9199998e-02
   5.0145000e+04   4.8000000e-02
   5.0145500e+04   4.7599997e-02
   5.0146000e+04   4.5600001e-02
   5.0146500e+04   4.6000000e-02
   5.0147000e+04   4.6399999e-02
   5.0147500e+04   4.4399999e-02
   5.0148000e+04   4.4000000e-02
   5.0148500e+04   4.2799998e-02
   5.0149000e+04   4.3200001e-02
   5.0149500e+04   4.3600000e-02
   5.0150000e+04   4.1999999e-02
   5.0150500e+04   4.0799998e-02
   5.0151000e+04   4.2399999e-02
   5.0151500e+04   4.0800002e-02
   5.0152000e+04   4.0399998e-02
   5.0152500e+04   3.9999999e-02
   5.0153000e+04   4.0400002e-02
   5.0153500e+04   3.8800001e-02
   5.0154000e+04   3.8600002e-02
   5.0154500e+04   3.8800001e-02
   5.0155000e+04   3.7600000e-02
   5.0155500e+04   3.8600002e-02
   5.0156000e+04   3.5999998e-02
   5.0156500e+04   3.6400002e-02
   5.0157000e+04   3.6200002e-02
   5.0157500e+04   3.6199998e-02
   5.0158000e+04   3.5999998e-02
   5.0158500e+04   3.3999998e-02
   5.0159000e+04   3.5200000e-02
   5.0159500e+04   3.5799999e-02
   5.0160000e+04   3.4199998e-02
   5.0160500e+04   3.3399999e-02
   5.0161000e+04   3.4400001e-02
   5.0161500e+04   3.3399999e-02
   5.0162000e+04   3.2200001e-02
   5.0162500e+04   3.2200001e-02
   5.0163000e+04   3.1599998e-02
   5.0163500e+04   3.2400001e-02
   5.0164000e+04   3.3000000e-02
   5.0164500e+04   3.2000002e-02
   5.0165000e+04   3.1200001e-02
   5.0165500e+04   3.0399999e-02
   5.0166000e+04   3.0400001e-02
   5.0166500e+04   3.0200001e-02
   5.0167000e+04   3.1000001e-02
   5.0167500e+04   2.8600000e-02
   5.0168000e+04   2.8200000e-02
   5.0168500e+04   2.9400000e-02
   5.0169000e+04   3.0400001e-02
   5.0169500e+04   2.8400000e-02
   5.0170000e+04   2.8799999e-02
   5.0170500e+04   2.8400000e-02
   5.0171000e+04   2.6599999e-02
   5.0171500e+04   2.8600000e-02
   5.0172000e+04   2.8000001e-02
   5.0172500e+04   2.8400000e-02
   5.0173000e+04   2.6200000e-02
   5.0173500e+04   2.7000001e-02
   5.0174000e+04   2.6200000e-02
   5.0174500e+04   2.6400000e-02
   5.0175000e+04   2.6400000e-02
   5.0175500e+04   2.4599999e-02
   5.0176000e+04   2.5999999e-02
   5.0176500e+04   2.5800001e-02
   5.0177000e+04   2.5599999e-02
   5.0177500e+04   2.5400000e-02
   5.0178000e+04   2.4399999e-02
   5.0178500e+04   2.3200000e-02
   5.0179000e+04   2.5000000e-02
   5.0179500e+04   2.3200000e-02
   5.0180000e+04   2.4599999e-02
   5.0180500e+04   2.4000000e-02
   5.0181000e+04   2.3599999e-02
   5.0181500e+04   2.3000000e-02
   5.0182000e+04   2.4800001e-02
   5.0182500e+04   2.4000000e-02
   5.0183000e+04   2.3200000e-02
   5.0183500e+04   2.2800000e-02
   5.0184000e+04   2.2000000e-02
   5.0184500e+04   2.3200000e-02
   5.0185000e+04   2.2399999e-02
   5.0185500e+04   2.3399999e-02
   5.0186000e+04   2.1000000e-02
   5.0186500e+04   2.2000000e-02
   5.0187000e+04   2.2200000e-02
   5.0187500e+04   2.3200000e-02
   5.0188000e+04   2.1000000e-02
   5.0188500e+04   2.0400001e-02
   5.0189000e+04   2.3200000e-02
   5.0189500e+04   2.0800000e-02
   5.0190000e+04   2.1199999e-02
   5.0190500e+04   1.9800000e-02
   5.0191000e+04   2.0600000e-02
   5.0191500e+04   2.1600001e-02
   5.0192000e+04   1.8999999e-02
   5.0192500e+04   1.9400001e-02
   5.0193000e+04   1.9800000e-02
   5.0193500e+04   1.8999999e-02
   5.0194000e+04   2.1199999e-02
   5.0194500e+04   1.9600000e-02
   5.0195000e+04   1.9600000e-02
   5.0195500e+04   1.8400000e-02
   5.0196000e+04   1.8400000e-02
   5.0196500e+04   1.8600000e-02
   5.0197000e+04   1.8200001e-02
   5.0197500e+04   1.8200001e-02
   5.0198000e+04   1.8400000e-02
   5.0198500e+04   1.7400000e-02
   5.0199000e+04   1.9800000e-02
   5.0199500e+04   1.6400000e-02
   5.0200000e+04   1.7600000e-02
   5.0201000e+04   1.7400000e-02
   5.0211000e+04   1.7200001e-02
   5.0221000e+04   1.5000000e-02
   5.0231000e+04   1.2600000e-02
   5.0241000e+04   1.1000000e-02
   5.0251000e+04   9.3999999e-03
   5.0261000e+04   9.8000001e-03
   5.0271000e+04   1.0600000e-02
   5.0281000e+04   8.8000000e-03
   5.0291000e+04   6.6000000e-03
   5.0301000e+04   7.4000000e-03
   5.0311000e+04   9.8000001e-03
   5.0321000e+04   9.3999999e-03
   5.0331000e+04   8.8000000e-03
   5.0341000e+04   1.0600000e-02
   5.0351000e+04   9.1999993e-03
   5.0361000e+04   1.3200000e-02
   5.0371000e+04   1.0400000e-02
   5.0381000e+04   1.1000000e-02
   5.0391000e+04   1.1400000e-02
   5.0401000e+04   1.1400000e-02
   5.0411000e+04   1.2600000e-02
   5.0421000e+04   1.1200000e-02
   5.0431000e+04   1.1200000e-02
   5.0441000e+04   1.3400000e-02
   5.0451000e+04   1.4000000e-02
   5.0461000e+04   1.4400000e-02
   5.0471000e+04   1.3200000e-02
   5.0481000e+04   1.2800000e-02
   5.0491000e+04   1.3400000e-02
   5.0501000e+04   1.3400000e-02
   5.0511000e+04   1.4200000e-02
   5.0521000e+04   1.3400000e-02
   5.0531000e+04   1.4400000e-02
   5.0541000e+04   1.3600000e-02
   5.0551000e+04   1.4599999e-02
   5.0561000e+04   1.5000000e-02
   5.0571000e+04   1.3400000e-02
   5.0581000e+04   1.4599999e-02
   5.0591000e+04   1.4400000e-02
   5.0601000e+04   1.4400000e-02
   5.0611000e+04   1.4800000e-02
   5.0621000e+04   1.6200000e-02
   5.0631000e+04   1.5000000e-02
   5.0641000e+04   1.6400000e-02
   5.0651000e+04   1.7800000e-02
   5.0661000e+04   1.6000001e-02
   5.0671000e+04   1.6400000e-02
   5.0681000e+04   1.5000000e-02
   5.0691000e+04   1.6200000e-02
   5.0701000e+04   1.5400000e-02
   5.0711000e+04   1.6400000e-02
   5.0721000e+04   1.5000000e-02
   5.0731000e+04   1.5400000e-02
   5.0741000e+04   1.6200000e-02
   5.0751000e+04   1.7600000e-02
   5.0761000e+04   1.7200001e-02
   5.0771000e+04   1.6799999e-02
   5.0781000e+04   1.5000000e-02
   5.0791000e+04   1.6200000e-02
   5.0801000e+04   1.6799999e-02
   5.0811000e+04   1.6400000e-02
   5.0821000e+04   1.6999999e-02
   5.0831000e+04   1.5600000e-02
   5.0841000e+04   1.7800000e-02
   5.0851000e+04   1.7000001e-02
   5.0861000e+04   1.7800000e-02
   5.0871000e+04   1.6400000e-02
   5.0881000e+04   1.7800000e-02
   5.0891000e+04   1.6600000e-02
   5.0901000e+04   1.7600000e-02
   5.0911000e+04   1.6200000e-02
   5.0921000e+04   1.7000001e-02
   5.0931000e+04   1.7400000e-02
   5.0941000e+04   1.6799999e-02
   5.0951000e+04   1.7000001e-02
   5.0961000e+04   1.8000001e-02
   5.0971000e+04   1.6799999e-02
   5.0981000e+04   1.8000001e-02
   5.0991000e+04   1.6799999e-02
