   5.0280000e+04   1.2070000e-04  -1.0228200e+02
   5.0280050e+04   1.1938900e-04  -1.0219800e+02
   5.0280100e+04   1.1763000e-04  -1.0209600e+02
   5.0280150e+04   1.1646800e-04  -1.0200600e+02
   5.0280200e+04   1.1494800e-04  -1.0182000e+02
   5.0280250e+04   1.1363700e-04  -1.0177800e+02
   5.0280300e+04   1.1232500e-04  -1.0167600e+02
   5.0280350e+04   1.1107400e-04  -1.0152000e+02
   5.0280400e+04   1.0967300e-04  -1.0137000e+02
   5.0280450e+04   1.0812300e-04  -1.0135200e+02
   5.0280500e+04   1.0684200e-04  -1.0114200e+02
   5.0280550e+04   1.0550100e-04  -1.0099800e+02
   5.0280600e+04   1.0424900e-04  -1.0093800e+02
   5.0280650e+04   1.0278900e-04  -1.0070400e+02
   5.0280700e+04   1.0138800e-04  -1.0071600e+02
   5.0280750e+04   1.0006900e-04  -1.0047000e+02
   5.0280800e+04   9.8690900e-05  -1.0029600e+02
   5.0280850e+04   9.7454100e-05  -1.0010400e+02
   5.0280900e+04   9.5941600e-05  -1.0008000e+02
   5.0280950e+04   9.4898500e-05  -9.9792000e+01
   5.0281000e+04   9.3289200e-05  -9.9696000e+01
   5.0281050e+04   9.2059800e-05  -9.9384000e+01
   5.0281100e+04   9.0793200e-05  -9.9318000e+01
   5.0281150e+04   8.9459600e-05  -9.9222000e+01
   5.0281200e+04   8.7909900e-05  -9.8838000e+01
   5.0281250e+04   8.6702900e-05  -9.8718000e+01
   5.0281300e+04   8.5339400e-05  -9.8592000e+01
   5.0281350e+04   8.3700300e-05  -9.8268000e+01
   5.0281400e+04   8.2582700e-05  -9.8334000e+01
   5.0281450e+04   8.1189400e-05  -9.7902000e+01
   5.0281500e+04   7.9773800e-05  -9.7572000e+01
   5.0281550e+04   7.8656200e-05  -9.7572000e+01
   5.0281600e+04   7.7106500e-05  -9.7254000e+01
   5.0281650e+04   7.5921900e-05  -9.7098000e+01
   5.0281700e+04   7.4461600e-05  -9.6690000e+01
   5.0281750e+04   7.3411000e-05  -9.6360000e+01
   5.0281800e+04   7.2069900e-05  -9.6240000e+01
   5.0281850e+04   7.0632000e-05  -9.5802000e+01
   5.0281900e+04   6.9022600e-05  -9.5508000e+01
   5.0281950e+04   6.7830600e-05  -9.5466000e+01
   5.0282000e+04   6.6333000e-05  -9.5022000e+01
   5.0282050e+04   6.5230300e-05  -9.4458000e+01
   5.0282100e+04   6.3874300e-05  -9.4224000e+01
   5.0282150e+04   6.2712000e-05  -9.4080000e+01
   5.0282200e+04   6.1281500e-05  -9.3510000e+01
   5.0282250e+04   6.0230700e-05  -9.3432000e+01
   5.0282300e+04   5.8748100e-05  -9.2700000e+01
   5.0282350e+04   5.7310100e-05  -9.2286000e+01
   5.0282400e+04   5.6185100e-05  -9.2094000e+01
   5.0282450e+04   5.4784400e-05  -9.1248000e+01
   5.0282500e+04   5.3391100e-05  -9.1128000e+01
   5.0282550e+04   5.2348000e-05  -9.0564000e+01
   5.0282600e+04   5.1096300e-05  -8.9826000e+01
   5.0282650e+04   4.9807400e-05  -8.9394000e+01
   5.0282700e+04   4.8607800e-05  -8.8776000e+01
   5.0282750e+04   4.7326300e-05  -8.8038000e+01
   5.0282800e+04   4.5836200e-05  -8.7594000e+01
   5.0282850e+04   4.4692500e-05  -8.6424000e+01
   5.0282900e+04   4.3601000e-05  -8.5992000e+01
   5.0282950e+04   4.2271100e-05  -8.4966000e+01
   5.0283000e+04   4.1198200e-05  -8.4714000e+01
   5.0283050e+04   4.0013600e-05  -8.3436000e+01
   5.0283100e+04   3.8728400e-05  -8.2254000e+01
   5.0283150e+04   3.7934900e-05  -8.1516000e+01
   5.0283200e+04   3.6374000e-05  -8.0850000e+01
   5.0283250e+04   3.5461300e-05  -7.9500000e+01
   5.0283300e+04   3.3963700e-05  -7.8330000e+01
   5.0283350e+04   3.3248400e-05  -7.7358000e+01
   5.0283400e+04   3.1743400e-05  -7.5876000e+01
   5.0283450e+04   3.1128800e-05  -7.4238000e+01
   5.0283500e+04   2.9828500e-05  -7.2480000e+01
   5.0283550e+04   2.8856200e-05  -7.1148000e+01
   5.0283600e+04   2.7768400e-05  -6.9018000e+01
   5.0283650e+04   2.6703000e-05  -6.6858000e+01
   5.0283700e+04   2.5633800e-05  -6.5604000e+01
   5.0283750e+04   2.4959600e-05  -6.2988000e+01
   5.0283800e+04   2.4145600e-05  -6.0570000e+01
   5.0283850e+04   2.3136000e-05  -5.8536000e+01
   5.0283900e+04   2.2445000e-05  -5.5434000e+01
   5.0283950e+04   2.1659000e-05  -5.2542000e+01
   5.0284000e+04   2.0979100e-05  -4.9656000e+01
   5.0284050e+04   2.0347700e-05  -4.6392000e+01
   5.0284100e+04   1.9837300e-05  -4.2540000e+01
   5.0284150e+04   1.9641700e-05  -3.9198000e+01
   5.0284200e+04   1.9248700e-05  -3.5520000e+01
   5.0284250e+04   1.8820300e-05  -3.1218000e+01
   5.0284300e+04   1.8596800e-05  -2.6748000e+01
   5.0284350e+04   1.8496200e-05  -2.2962000e+01
   5.0284400e+04   1.8371400e-05  -1.9362000e+01
   5.0284450e+04   1.8682400e-05  -1.5144000e+01
   5.0284500e+04   1.8777400e-05  -1.1256000e+01
   5.0284550e+04   1.9226300e-05  -6.8820000e+00
   5.0284600e+04   1.9395800e-05  -3.8700000e+00
   5.0284650e+04   1.9902500e-05   5.2200000e-01
   5.0284700e+04   2.0492900e-05   3.7380000e+00
   5.0284750e+04   2.1027500e-05   6.9180000e+00
   5.0284800e+04   2.1755800e-05   9.6240000e+00
   5.0284850e+04   2.2294100e-05   1.2912000e+01
   5.0284900e+04   2.3191900e-05   1.5576000e+01
   5.0284950e+04   2.4082300e-05   1.8522000e+01
   5.0285000e+04   2.4935300e-05   2.0136000e+01
   5.0285050e+04   2.5596600e-05   2.2458000e+01
   5.0285100e+04   2.6714200e-05   2.4564000e+01
   5.0285150e+04   2.7693900e-05   2.6736000e+01
   5.0285200e+04   2.8614100e-05   2.8662000e+01
   5.0285250e+04   2.9441100e-05   3.0468000e+01
   5.0285300e+04   3.0670500e-05   3.1602000e+01
   5.0285350e+04   3.2060100e-05   3.3438000e+01
   5.0285400e+04   3.2719500e-05   3.4752000e+01
   5.0285450e+04   3.3818400e-05   3.5694000e+01
   5.0285500e+04   3.5096200e-05   3.7104000e+01
   5.0285550e+04   3.6340400e-05   3.8196000e+01
   5.0285600e+04   3.7391000e-05   3.9024000e+01
   5.0285650e+04   3.8549500e-05   3.9912000e+01
   5.0285700e+04   3.9622400e-05   4.1250000e+01
   5.0285750e+04   4.0937400e-05   4.1844000e+01
   5.0285800e+04   4.1764500e-05   4.2294000e+01
   5.0285850e+04   4.3105600e-05   4.3542000e+01
   5.0285900e+04   4.4320000e-05   4.4178000e+01
   5.0285950e+04   4.5728200e-05   4.4760000e+01
   5.0286000e+04   4.6931400e-05   4.5276000e+01
   5.0286050e+04   4.8008000e-05   4.6176000e+01
   5.0286100e+04   4.9062300e-05   4.6638000e+01
   5.0286150e+04   5.0284200e-05   4.7640000e+01
   5.0286200e+04   5.1506100e-05   4.7802000e+01
   5.0286250e+04   5.2713100e-05   4.8066000e+01
   5.0286300e+04   5.3830700e-05   4.8828000e+01
   5.0286350e+04   5.5060000e-05   4.9206000e+01
   5.0286400e+04   5.6520300e-05   4.9590000e+01
   5.0286450e+04   5.7578300e-05   5.0112000e+01
   5.0286500e+04   5.8710800e-05   5.0484000e+01
   5.0286550e+04   6.0126400e-05   5.0850000e+01
   5.0286600e+04   6.1497600e-05   5.1372000e+01
   5.0286650e+04   6.2443800e-05   5.1642000e+01
   5.0286700e+04   6.3695500e-05   5.1906000e+01
   5.0286750e+04   6.5111100e-05   5.2170000e+01
   5.0286800e+04   6.6236100e-05   5.2620000e+01
   5.0286850e+04   6.7450600e-05   5.2938000e+01
   5.0286900e+04   6.8888500e-05   5.3340000e+01
   5.0286950e+04   7.0184900e-05   5.3406000e+01
   5.0287000e+04   7.1228000e-05   5.3742000e+01
   5.0287050e+04   7.2472300e-05   5.4132000e+01
   5.0287100e+04   7.3977300e-05   5.4396000e+01
   5.0287150e+04   7.5154500e-05   5.4558000e+01
   5.0287200e+04   7.6629700e-05   5.4930000e+01
   5.0287250e+04   7.7575900e-05   5.4882000e+01
   5.0287300e+04   7.8924500e-05   5.5254000e+01
   5.0287350e+04   8.0064400e-05   5.5470000e+01
   5.0287400e+04   8.1465100e-05   5.5806000e+01
   5.0287450e+04   8.2716800e-05   5.6034000e+01
   5.0287500e+04   8.3938700e-05   5.5986000e+01
   5.0287550e+04   8.5086100e-05   5.6262000e+01
   5.0287600e+04   8.6389900e-05   5.6490000e+01
   5.0287650e+04   8.7820500e-05   5.6610000e+01
   5.0287700e+04   8.8647500e-05   5.6682000e+01
   5.0287750e+04   9.0107800e-05   5.6970000e+01
   5.0287800e+04   9.1583000e-05   5.7174000e+01
   5.0287850e+04   9.2916700e-05   5.7438000e+01
   5.0287900e+04   9.3840500e-05   5.7564000e+01
   5.0287950e+04   9.5367900e-05   5.7558000e+01
   5.0288000e+04   9.6627000e-05   5.7702000e+01
   5.0288050e+04   9.7558400e-05   5.7924000e+01
   5.0288100e+04   9.8951600e-05   5.8014000e+01
   5.0288150e+04   1.0010600e-04   5.8254000e+01
   5.0288200e+04   1.0138800e-04   5.8350000e+01
   5.0288250e+04   1.0287800e-04   5.8464000e+01
   5.0288300e+04   1.0416000e-04   5.8566000e+01
   5.0288350e+04   1.0523200e-04   5.8560000e+01
   5.0288400e+04   1.0651400e-04   5.8782000e+01
   5.0288450e+04   1.0782500e-04   5.8926000e+01
   5.0288500e+04   1.0883900e-04   5.8920000e+01
   5.0288550e+04   1.1041800e-04   5.9052000e+01
   5.0288600e+04   1.1131200e-04   5.9250000e+01
   5.0288650e+04   1.1238500e-04   5.9394000e+01
   5.0288700e+04   1.1390500e-04   5.9364000e+01
   5.0288750e+04   1.1518600e-04   5.9754000e+01
   5.0288800e+04   1.1634900e-04   5.9778000e+01
   5.0288850e+04   1.1742200e-04   5.9712000e+01
   5.0288900e+04   1.1891200e-04   5.9868000e+01
   5.0288950e+04   1.2022300e-04   5.9976000e+01
   5.0289000e+04   1.2120700e-04   6.0060000e+01
