   4.9500000e+04   5.4607700e-03   6.8262000e+01
   4.9510000e+04   6.4611700e-03   6.8202000e+01
   4.9520000e+04   6.4888300e-03   6.8202000e+01
   4.9530000e+04   6.5174400e-03   6.8202000e+01
   4.9540000e+04   6.5479600e-03   6.8190000e+01
   4.9550000e+04   6.5794300e-03   6.8172000e+01
   4.9560000e+04   6.6109000e-03   6.8172000e+01
   4.9570000e+04   6.6442800e-03   6.8154000e+01
   4.9580000e+04   6.6795600e-03   6.8166000e+01
   4.9590000e+04   6.7158000e-03   6.8166000e+01
   4.9600000e+04   6.7539500e-03   6.8154000e+01
   4.9610000e+04   6.7921000e-03   6.8166000e+01
   4.9620000e+04   6.8331100e-03   6.8130000e+01
   4.9630000e+04   6.8750700e-03   6.8136000e+01
   4.9640000e+04   6.9198900e-03   6.8124000e+01
   4.9650000e+04   6.9647100e-03   6.8130000e+01
   4.9660000e+04   7.0143000e-03   6.8124000e+01
   4.9670000e+04   7.0639000e-03   6.8124000e+01
   4.9680000e+04   7.1173000e-03   6.8112000e+01
   4.9690000e+04   7.1716600e-03   6.8094000e+01
   4.9700000e+04   7.2298300e-03   6.8088000e+01
   4.9710000e+04   7.2908700e-03   6.8070000e+01
   4.9720000e+04   7.3547700e-03   6.8064000e+01
   4.9730000e+04   7.4215200e-03   6.8052000e+01
   4.9740000e+04   7.4930500e-03   6.8052000e+01
   4.9750000e+04   7.5674400e-03   6.8040000e+01
   4.9760000e+04   7.6465900e-03   6.8028000e+01
   4.9770000e+04   7.7314700e-03   6.7998000e+01
   4.9780000e+04   7.8201900e-03   6.7992000e+01
   4.9790000e+04   7.9146000e-03   6.7974000e+01
   4.9800000e+04   8.0156900e-03   6.7968000e+01
   4.9810000e+04   8.1234600e-03   6.7950000e+01
   4.9820000e+04   8.2407600e-03   6.7944000e+01
   4.9830000e+04   8.3628300e-03   6.7938000e+01
   4.9840000e+04   8.4973000e-03   6.7902000e+01
   4.9850000e+04   8.6413000e-03   6.7884000e+01
   4.9860000e+04   8.7977100e-03   6.7866000e+01
   4.9870000e+04   8.9684100e-03   6.7848000e+01
   4.9880000e+04   9.1534300e-03   6.7836000e+01
   4.9890000e+04   9.3584700e-03   6.7812000e+01
   4.9900000e+04   9.5825800e-03   6.7812000e+01
   4.9900000e+04   9.5816300e-03   6.7812000e+01
   4.9900500e+04   9.5940200e-03   6.7794000e+01
   4.9901000e+04   9.6064200e-03   6.7794000e+01
   4.9901500e+04   9.6178700e-03   6.7806000e+01
   4.9902000e+04   9.6312200e-03   6.7806000e+01
   4.9902500e+04   9.6426600e-03   6.7806000e+01
   4.9903000e+04   9.6531500e-03   6.7812000e+01
   4.9903500e+04   9.6665000e-03   6.7806000e+01
   4.9904000e+04   9.6789000e-03   6.7794000e+01
   4.9904500e+04   9.6903400e-03   6.7800000e+01
   4.9905000e+04   9.7037000e-03   6.7794000e+01
   4.9905500e+04   9.7151400e-03   6.7788000e+01
   4.9906000e+04   9.7284900e-03   6.7794000e+01
   4.9906500e+04   9.7399400e-03   6.7788000e+01
   4.9907000e+04   9.7532900e-03   6.7794000e+01
   4.9907500e+04   9.7666400e-03   6.7794000e+01
   4.9908000e+04   9.7790400e-03   6.7788000e+01
   4.9908500e+04   9.7914300e-03   6.7788000e+01
   4.9909000e+04   9.8038300e-03   6.7782000e+01
   4.9909500e+04   9.8171800e-03   6.7776000e+01
   4.9910000e+04   9.8305300e-03   6.7770000e+01
   4.9910500e+04   9.8438900e-03   6.7782000e+01
   4.9911000e+04   9.8572400e-03   6.7794000e+01
   4.9911500e+04   9.8715400e-03   6.7782000e+01
   4.9912000e+04   9.8848900e-03   6.7764000e+01
   4.9912500e+04   9.8972900e-03   6.7758000e+01
   4.9913000e+04   9.9116000e-03   6.7758000e+01
   4.9913500e+04   9.9239900e-03   6.7764000e+01
   4.9914000e+04   9.9373500e-03   6.7770000e+01
   4.9914500e+04   9.9507000e-03   6.7782000e+01
   4.9915000e+04   9.9659600e-03   6.7770000e+01
   4.9915500e+04   9.9793100e-03   6.7758000e+01
   4.9916000e+04   9.9926600e-03   6.7752000e+01
   4.9916500e+04   1.0007900e-02   6.7746000e+01
   4.9917000e+04   1.0021300e-02   6.7764000e+01
   4.9917500e+04   1.0034600e-02   6.7770000e+01
   4.9918000e+04   1.0048000e-02   6.7764000e+01
   4.9918500e+04   1.0063200e-02   6.7758000e+01
   4.9919000e+04   1.0078500e-02   6.7758000e+01
   4.9919500e+04   1.0093700e-02   6.7752000e+01
   4.9920000e+04   1.0109000e-02   6.7758000e+01
   4.9920500e+04   1.0122400e-02   6.7752000e+01
   4.9921000e+04   1.0139500e-02   6.7758000e+01
   4.9921500e+04   1.0152900e-02   6.7764000e+01
   4.9922000e+04   1.0166200e-02   6.7770000e+01
   4.9922500e+04   1.0179600e-02   6.7764000e+01
   4.9923000e+04   1.0198700e-02   6.7752000e+01
   4.9923500e+04   1.0212000e-02   6.7752000e+01
   4.9924000e+04   1.0229200e-02   6.7728000e+01
   4.9924500e+04   1.0242500e-02   6.7740000e+01
   4.9925000e+04   1.0259700e-02   6.7740000e+01
   4.9925500e+04   1.0273000e-02   6.7758000e+01
   4.9926000e+04   1.0288300e-02   6.7758000e+01
   4.9926500e+04   1.0305500e-02   6.7746000e+01
   4.9927000e+04   1.0318800e-02   6.7746000e+01
   4.9927500e+04   1.0337900e-02   6.7746000e+01
   4.9928000e+04   1.0353100e-02   6.7734000e+01
   4.9928500e+04   1.0368400e-02   6.7722000e+01
   4.9929000e+04   1.0387500e-02   6.7740000e+01
   4.9929500e+04   1.0400800e-02   6.7740000e+01
   4.9930000e+04   1.0418000e-02   6.7734000e+01
   4.9930500e+04   1.0435200e-02   6.7728000e+01
   4.9931000e+04   1.0452300e-02   6.7728000e+01
   4.9931500e+04   1.0467600e-02   6.7716000e+01
   4.9932000e+04   1.0484800e-02   6.7722000e+01
   4.9932500e+04   1.0500000e-02   6.7722000e+01
   4.9933000e+04   1.0519100e-02   6.7722000e+01
   4.9933500e+04   1.0536300e-02   6.7740000e+01
   4.9934000e+04   1.0551500e-02   6.7728000e+01
   4.9934500e+04   1.0570600e-02   6.7710000e+01
   4.9935000e+04   1.0587800e-02   6.7704000e+01
   4.9935500e+04   1.0601100e-02   6.7710000e+01
   4.9936000e+04   1.0622100e-02   6.7716000e+01
   4.9936500e+04   1.0639300e-02   6.7710000e+01
   4.9937000e+04   1.0658300e-02   6.7716000e+01
   4.9937500e+04   1.0675500e-02   6.7704000e+01
   4.9938000e+04   1.0692700e-02   6.7698000e+01
   4.9938500e+04   1.0709800e-02   6.7686000e+01
   4.9939000e+04   1.0728900e-02   6.7692000e+01
   4.9939500e+04   1.0748000e-02   6.7686000e+01
   4.9940000e+04   1.0767000e-02   6.7686000e+01
   4.9940500e+04   1.0786100e-02   6.7686000e+01
   4.9941000e+04   1.0801400e-02   6.7704000e+01
   4.9941500e+04   1.0824300e-02   6.7698000e+01
   4.9942000e+04   1.0841400e-02   6.7674000e+01
   4.9942500e+04   1.0862400e-02   6.7674000e+01
   4.9943000e+04   1.0879600e-02   6.7686000e+01
   4.9943500e+04   1.0898600e-02   6.7680000e+01
   4.9944000e+04   1.0919600e-02   6.7674000e+01
   4.9944500e+04   1.0936800e-02   6.7668000e+01
   4.9945000e+04   1.0957800e-02   6.7674000e+01
   4.9945500e+04   1.0976900e-02   6.7656000e+01
   4.9946000e+04   1.0997800e-02   6.7656000e+01
   4.9946500e+04   1.1018800e-02   6.7650000e+01
   4.9947000e+04   1.1037900e-02   6.7656000e+01
   4.9947500e+04   1.1058900e-02   6.7656000e+01
   4.9948000e+04   1.1077900e-02   6.7656000e+01
   4.9948500e+04   1.1100800e-02   6.7668000e+01
   4.9949000e+04   1.1119900e-02   6.7656000e+01
   4.9949500e+04   1.1140900e-02   6.7632000e+01
   4.9950000e+04   1.1161900e-02   6.7650000e+01
   4.9950500e+04   1.1182800e-02   6.7656000e+01
   4.9951000e+04   1.1203800e-02   6.7644000e+01
   4.9951500e+04   1.1222900e-02   6.7644000e+01
   4.9952000e+04   1.1247700e-02   6.7644000e+01
   4.9952500e+04   1.1268700e-02   6.7632000e+01
   4.9953000e+04   1.1289700e-02   6.7632000e+01
   4.9953500e+04   1.1312500e-02   6.7626000e+01
   4.9954000e+04   1.1335400e-02   6.7620000e+01
   4.9954500e+04   1.1356400e-02   6.7620000e+01
   4.9955000e+04   1.1379300e-02   6.7626000e+01
   4.9955500e+04   1.1402200e-02   6.7620000e+01
   4.9956000e+04   1.1427000e-02   6.7632000e+01
   4.9956500e+04   1.1448000e-02   6.7614000e+01
   4.9957000e+04   1.1470900e-02   6.7608000e+01
   4.9957500e+04   1.1495600e-02   6.7596000e+01
   4.9958000e+04   1.1518500e-02   6.7608000e+01
   4.9958500e+04   1.1541400e-02   6.7602000e+01
   4.9959000e+04   1.1566200e-02   6.7596000e+01
   4.9959500e+04   1.1591000e-02   6.7614000e+01
   4.9960000e+04   1.1615800e-02   6.7608000e+01
   4.9960500e+04   1.1638700e-02   6.7596000e+01
   4.9961000e+04   1.1663500e-02   6.7584000e+01
   4.9961500e+04   1.1688300e-02   6.7590000e+01
   4.9962000e+04   1.1713100e-02   6.7578000e+01
   4.9962500e+04   1.1737900e-02   6.7602000e+01
   4.9963000e+04   1.1764600e-02   6.7596000e+01
   4.9963500e+04   1.1789400e-02   6.7590000e+01
   4.9964000e+04   1.1816100e-02   6.7590000e+01
   4.9964500e+04   1.1842800e-02   6.7572000e+01
   4.9965000e+04   1.1867600e-02   6.7560000e+01
   4.9965500e+04   1.1892400e-02   6.7566000e+01
   4.9966000e+04   1.1919100e-02   6.7560000e+01
   4.9966500e+04   1.1945800e-02   6.7560000e+01
   4.9967000e+04   1.1972500e-02   6.7560000e+01
   4.9967500e+04   1.1997300e-02   6.7560000e+01
   4.9968000e+04   1.2027800e-02   6.7542000e+01
   4.9968500e+04   1.2054500e-02   6.7554000e+01
   4.9969000e+04   1.2081200e-02   6.7548000e+01
   4.9969500e+04   1.2107900e-02   6.7542000e+01
   4.9970000e+04   1.2136500e-02   6.7542000e+01
   4.9970500e+04   1.2165100e-02   6.7536000e+01
   4.9971000e+04   1.2193700e-02   6.7542000e+01
   4.9971500e+04   1.2224300e-02   6.7524000e+01
   4.9972000e+04   1.2252900e-02   6.7518000e+01
   4.9972500e+04   1.2279600e-02   6.7524000e+01
   4.9973000e+04   1.2310100e-02   6.7512000e+01
   4.9973500e+04   1.2338700e-02   6.7518000e+01
   4.9974000e+04   1.2371100e-02   6.7524000e+01
   4.9974500e+04   1.2397800e-02   6.7524000e+01
   4.9975000e+04   1.2430300e-02   6.7518000e+01
   4.9975500e+04   1.2460800e-02   6.7506000e+01
   4.9976000e+04   1.2491300e-02   6.7506000e+01
   4.9976500e+04   1.2521800e-02   6.7494000e+01
   4.9977000e+04   1.2556100e-02   6.7494000e+01
   4.9977500e+04   1.2584700e-02   6.7494000e+01
   4.9978000e+04   1.2619100e-02   6.7482000e+01
   4.9978500e+04   1.2649600e-02   6.7482000e+01
   4.9979000e+04   1.2683900e-02   6.7482000e+01
   4.9979500e+04   1.2714400e-02   6.7476000e+01
   4.9980000e+04   1.2750700e-02   6.7476000e+01
   4.9980500e+04   1.2781200e-02   6.7470000e+01
   4.9981000e+04   1.2815500e-02   6.7464000e+01
   4.9981500e+04   1.2848000e-02   6.7458000e+01
   4.9982000e+04   1.2884200e-02   6.7482000e+01
   4.9982500e+04   1.2916600e-02   6.7470000e+01
   4.9983000e+04   1.2952900e-02   6.7446000e+01
   4.9983500e+04   1.2987200e-02   6.7440000e+01
   4.9984000e+04   1.3023400e-02   6.7440000e+01
   4.9984500e+04   1.3057800e-02   6.7440000e+01
   4.9985000e+04   1.3094000e-02   6.7446000e+01
   4.9985500e+04   1.3128300e-02   6.7428000e+01
   4.9986000e+04   1.3166500e-02   6.7428000e+01
   4.9986500e+04   1.3202700e-02   6.7410000e+01
   4.9987000e+04   1.3242800e-02   6.7410000e+01
   4.9987500e+04   1.3279000e-02   6.7410000e+01
   4.9988000e+04   1.3319100e-02   6.7404000e+01
   4.9988500e+04   1.3355300e-02   6.7398000e+01
   4.9989000e+04   1.3393500e-02   6.7398000e+01
   4.9989500e+04   1.3433500e-02   6.7404000e+01
   4.9990000e+04   1.3473600e-02   6.7392000e+01
   4.9990500e+04   1.3511700e-02   6.7386000e+01
   4.9991000e+04   1.3553700e-02   6.7374000e+01
   4.9991500e+04   1.3593700e-02   6.7374000e+01
   4.9992000e+04   1.3635700e-02   6.7374000e+01
   4.9992500e+04   1.3675700e-02   6.7374000e+01
   4.9993000e+04   1.3717700e-02   6.7380000e+01
   4.9993500e+04   1.3759700e-02   6.7368000e+01
   4.9994000e+04   1.3803500e-02   6.7356000e+01
   4.9994500e+04   1.3845500e-02   6.7344000e+01
   4.9995000e+04   1.3889400e-02   6.7344000e+01
   4.9995500e+04   1.3931300e-02   6.7344000e+01
   4.9996000e+04   1.3977100e-02   6.7362000e+01
   4.9996500e+04   1.4021000e-02   6.7344000e+01
   4.9997000e+04   1.4064800e-02   6.7344000e+01
   4.9997500e+04   1.4110600e-02   6.7332000e+01
   4.9998000e+04   1.4158300e-02   6.7326000e+01
   4.9998500e+04   1.4204100e-02   6.7314000e+01
   4.9999000e+04   1.4251800e-02   6.7314000e+01
   4.9999500e+04   1.4297500e-02   6.7308000e+01
   5.0000000e+04   1.4345200e-02   6.7308000e+01
   5.0000500e+04   1.4394800e-02   6.7308000e+01
   5.0001000e+04   1.4442500e-02   6.7302000e+01
   5.0001500e+04   1.4492100e-02   6.7290000e+01
   5.0002000e+04   1.4541700e-02   6.7302000e+01
   5.0002500e+04   1.4591300e-02   6.7278000e+01
   5.0003000e+04   1.4642800e-02   6.7278000e+01
   5.0003500e+04   1.4694300e-02   6.7266000e+01
   5.0004000e+04   1.4747700e-02   6.7266000e+01
   5.0004500e+04   1.4801100e-02   6.7266000e+01
   5.0005000e+04   1.4852600e-02   6.7260000e+01
   5.0005500e+04   1.4906000e-02   6.7242000e+01
   5.0006000e+04   1.4959400e-02   6.7248000e+01
   5.0006500e+04   1.5012800e-02   6.7230000e+01
   5.0007000e+04   1.5070000e-02   6.7230000e+01
   5.0007500e+04   1.5123400e-02   6.7224000e+01
   5.0008000e+04   1.5182600e-02   6.7236000e+01
   5.0008500e+04   1.5237900e-02   6.7230000e+01
   5.0009000e+04   1.5295100e-02   6.7212000e+01
   5.0009500e+04   1.5354200e-02   6.7206000e+01
   5.0010000e+04   1.5413300e-02   6.7200000e+01
   5.0010500e+04   1.5474400e-02   6.7194000e+01
   5.0011000e+04   1.5533500e-02   6.7182000e+01
   5.0011500e+04   1.5594500e-02   6.7182000e+01
   5.0012000e+04   1.5657500e-02   6.7182000e+01
   5.0012500e+04   1.5722400e-02   6.7176000e+01
   5.0013000e+04   1.5783400e-02   6.7152000e+01
   5.0013500e+04   1.5848300e-02   6.7140000e+01
   5.0014000e+04   1.5915000e-02   6.7134000e+01
   5.0014500e+04   1.5976100e-02   6.7122000e+01
   5.0015000e+04   1.6044700e-02   6.7110000e+01
   5.0015500e+04   1.6115300e-02   6.7122000e+01
   5.0016000e+04   1.6180200e-02   6.7128000e+01
   5.0016500e+04   1.6248800e-02   6.7104000e+01
   5.0017000e+04   1.6319400e-02   6.7086000e+01
   5.0017500e+04   1.6388100e-02   6.7080000e+01
   5.0018000e+04   1.6462400e-02   6.7062000e+01
   5.0018500e+04   1.6534900e-02   6.7050000e+01
   5.0019000e+04   1.6607400e-02   6.7068000e+01
   5.0019500e+04   1.6681800e-02   6.7062000e+01
   5.0020000e+04   1.6758100e-02   6.7056000e+01
   5.0020500e+04   1.6834400e-02   6.7038000e+01
   5.0021000e+04   1.6912600e-02   6.7026000e+01
   5.0021500e+04   1.6990800e-02   6.7014000e+01
   5.0022000e+04   1.7070900e-02   6.7026000e+01
   5.0022500e+04   1.7149100e-02   6.7002000e+01
   5.0023000e+04   1.7231100e-02   6.7002000e+01
   5.0023500e+04   1.7313100e-02   6.7002000e+01
   5.0024000e+04   1.7397000e-02   6.6972000e+01
   5.0024500e+04   1.7481000e-02   6.6954000e+01
   5.0025000e+04   1.7570600e-02   6.6954000e+01
   5.0025500e+04   1.7656400e-02   6.6948000e+01
   5.0026000e+04   1.7746100e-02   6.6936000e+01
   5.0026500e+04   1.7831900e-02   6.6936000e+01
   5.0027000e+04   1.7923500e-02   6.6924000e+01
   5.0027500e+04   1.8016900e-02   6.6912000e+01
   5.0028000e+04   1.8108500e-02   6.6912000e+01
   5.0028500e+04   1.8203900e-02   6.6906000e+01
   5.0029000e+04   1.8299200e-02   6.6888000e+01
   5.0029500e+04   1.8398400e-02   6.6876000e+01
   5.0030000e+04   1.8497600e-02   6.6852000e+01
   5.0030500e+04   1.8596800e-02   6.6858000e+01
   5.0031000e+04   1.8701700e-02   6.6846000e+01
   5.0031500e+04   1.8802800e-02   6.6828000e+01
   5.0032000e+04   1.8907700e-02   6.6804000e+01
   5.0032500e+04   1.9014500e-02   6.6792000e+01
   5.0033000e+04   1.9125100e-02   6.6786000e+01
   5.0033500e+04   1.9233800e-02   6.6774000e+01
   5.0034000e+04   1.9344400e-02   6.6768000e+01
   5.0034500e+04   1.9460800e-02   6.6768000e+01
   5.0035000e+04   1.9575200e-02   6.6744000e+01
   5.0035500e+04   1.9691600e-02   6.6732000e+01
   5.0036000e+04   1.9811700e-02   6.6720000e+01
   5.0036500e+04   1.9931900e-02   6.6702000e+01
   5.0037000e+04   2.0055900e-02   6.6696000e+01
   5.0037500e+04   2.0179900e-02   6.6684000e+01
   5.0038000e+04   2.0307700e-02   6.6666000e+01
   5.0038500e+04   2.0435500e-02   6.6666000e+01
   5.0039000e+04   2.0567100e-02   6.6642000e+01
   5.0039500e+04   2.0700600e-02   6.6624000e+01
   5.0040000e+04   2.0837900e-02   6.6606000e+01
   5.0040500e+04   2.0975200e-02   6.6594000e+01
   5.0041000e+04   2.1116400e-02   6.6576000e+01
   5.0041500e+04   2.1257500e-02   6.6564000e+01
   5.0042000e+04   2.1404400e-02   6.6570000e+01
   5.0042500e+04   2.1555100e-02   6.6552000e+01
   5.0043000e+04   2.1703800e-02   6.6522000e+01
   5.0043500e+04   2.1856400e-02   6.6504000e+01
   5.0044000e+04   2.2014700e-02   6.6480000e+01
   5.0044500e+04   2.2175000e-02   6.6462000e+01
   5.0045000e+04   2.2339000e-02   6.6456000e+01
   5.0045500e+04   2.2503000e-02   6.6444000e+01
   5.0046000e+04   2.2672800e-02   6.6432000e+01
   5.0046500e+04   2.2846300e-02   6.6396000e+01
   5.0047000e+04   2.3021800e-02   6.6372000e+01
   5.0047500e+04   2.3199200e-02   6.6354000e+01
   5.0048000e+04   2.3384200e-02   6.6348000e+01
   5.0048500e+04   2.3569200e-02   6.6324000e+01
   5.0049000e+04   2.3760000e-02   6.6306000e+01
   5.0049500e+04   2.3952600e-02   6.6300000e+01
   5.0050000e+04   2.4152900e-02   6.6264000e+01
   5.0050500e+04   2.4355100e-02   6.6252000e+01
   5.0051000e+04   2.4561000e-02   6.6222000e+01
   5.0051500e+04   2.4772800e-02   6.6198000e+01
   5.0052000e+04   2.4990200e-02   6.6174000e+01
   5.0052500e+04   2.5207600e-02   6.6162000e+01
   5.0053000e+04   2.5432700e-02   6.6138000e+01
   5.0053500e+04   2.5665400e-02   6.6114000e+01
   5.0054000e+04   2.5901900e-02   6.6084000e+01
   5.0054500e+04   2.6142200e-02   6.6060000e+01
   5.0055000e+04   2.6390200e-02   6.6036000e+01
   5.0055500e+04   2.6642000e-02   6.6024000e+01
   5.0056000e+04   2.6905200e-02   6.5982000e+01
   5.0056500e+04   2.7164600e-02   6.5958000e+01
   5.0057000e+04   2.7435400e-02   6.5940000e+01
   5.0057500e+04   2.7713900e-02   6.5892000e+01
   5.0058000e+04   2.8000000e-02   6.5856000e+01
   5.0058500e+04   2.8293700e-02   6.5844000e+01
   5.0059000e+04   2.8595100e-02   6.5802000e+01
   5.0059500e+04   2.8900300e-02   6.5772000e+01
   5.0060000e+04   2.9216900e-02   6.5736000e+01
   5.0060500e+04   2.9541100e-02   6.5706000e+01
   5.0061000e+04   2.9873000e-02   6.5676000e+01
   5.0061500e+04   3.0212500e-02   6.5640000e+01
   5.0062000e+04   3.0567300e-02   6.5610000e+01
   5.0062500e+04   3.0925900e-02   6.5574000e+01
   5.0063000e+04   3.1299800e-02   6.5544000e+01
   5.0063500e+04   3.1681300e-02   6.5496000e+01
   5.0064000e+04   3.2074200e-02   6.5460000e+01
   5.0064500e+04   3.2478600e-02   6.5436000e+01
   5.0065000e+04   3.2894400e-02   6.5376000e+01
   5.0065500e+04   3.3325400e-02   6.5334000e+01
   5.0066000e+04   3.3771800e-02   6.5292000e+01
   5.0066500e+04   3.4225700e-02   6.5232000e+01
   5.0067000e+04   3.4698700e-02   6.5178000e+01
   5.0067500e+04   3.5187000e-02   6.5142000e+01
   5.0068000e+04   3.5694400e-02   6.5094000e+01
   5.0068500e+04   3.6213200e-02   6.5046000e+01
   5.0069000e+04   3.6751000e-02   6.4974000e+01
   5.0069500e+04   3.7311800e-02   6.4926000e+01
   5.0070000e+04   3.7891600e-02   6.4860000e+01
   5.0070500e+04   3.8486700e-02   6.4806000e+01
   5.0071000e+04   3.9108500e-02   6.4734000e+01
   5.0071500e+04   3.9753200e-02   6.4674000e+01
   5.0072000e+04   4.0428400e-02   6.4608000e+01
   5.0072500e+04   4.1088300e-02   6.4488000e+01
   5.0073000e+04   4.1809300e-02   6.4410000e+01
   5.0073500e+04   4.2560800e-02   6.4332000e+01
   5.0074000e+04   4.3342800e-02   6.4260000e+01
   5.0074500e+04   4.4159200e-02   6.4176000e+01
   5.0075000e+04   4.5009900e-02   6.4068000e+01
   5.0075500e+04   4.5898700e-02   6.3990000e+01
   5.0076000e+04   4.6829500e-02   6.3888000e+01
   5.0076500e+04   4.7794600e-02   6.3762000e+01
   5.0077000e+04   4.8809300e-02   6.3672000e+01
   5.0077500e+04   4.9881200e-02   6.3558000e+01
   5.0078000e+04   5.1048500e-02   6.3414000e+01
   5.0078500e+04   5.2223400e-02   6.3294000e+01
   5.0079000e+04   5.3459400e-02   6.3168000e+01
   5.0079500e+04   5.4764000e-02   6.3030000e+01
   5.0080000e+04   5.6137300e-02   6.2868000e+01
   5.0080500e+04   5.7586900e-02   6.2700000e+01
   5.0081000e+04   5.9128000e-02   6.2532000e+01
   5.0081500e+04   6.0760700e-02   6.2376000e+01
   5.0082000e+04   6.2492600e-02   6.2178000e+01
   5.0082500e+04   6.4323900e-02   6.1974000e+01
   5.0083000e+04   6.6299900e-02   6.1794000e+01
   5.0083500e+04   6.8390400e-02   6.1566000e+01
   5.0084000e+04   7.0625800e-02   6.1308000e+01
   5.0084500e+04   7.3036700e-02   6.1044000e+01
   5.0085000e+04   7.5630700e-02   6.0768000e+01
   5.0085500e+04   7.8415400e-02   6.0474000e+01
   5.0086000e+04   8.1421400e-02   6.0144000e+01
   5.0086500e+04   8.4686800e-02   5.9796000e+01
   5.0087000e+04   8.8249700e-02   5.9400000e+01
   5.0087500e+04   9.2155900e-02   5.8980000e+01
   5.0088000e+04   9.6436000e-02   5.8524000e+01
   5.0088500e+04   1.0110500e-01   5.8002000e+01
   5.0089000e+04   1.0629300e-01   5.7438000e+01
   5.0089500e+04   1.1209200e-01   5.6808000e+01
   5.0090000e+04   1.1856100e-01   5.6112000e+01
   5.0090500e+04   1.2585500e-01   5.5344000e+01
   5.0091000e+04   1.3409500e-01   5.4450000e+01
   5.0091500e+04   1.4346400e-01   5.3418000e+01
   5.0092000e+04   1.5429800e-01   5.2224000e+01
   5.0092500e+04   1.6693200e-01   5.0826000e+01
   5.0093000e+04   1.8167200e-01   4.9176000e+01
   5.0093500e+04   1.9918900e-01   4.7190000e+01
   5.0094000e+04   2.2018500e-01   4.4772000e+01
   5.0094500e+04   2.4563700e-01   4.1772000e+01
   5.0095000e+04   2.7685700e-01   3.7956000e+01
   5.0095500e+04   3.1537100e-01   3.3018000e+01
   5.0096000e+04   3.6249000e-01   2.6508000e+01
   5.0096500e+04   4.1797100e-01   1.7832000e+01
   5.0097000e+04   4.7656400e-01   6.2520000e+00
   5.0097500e+04   5.2264800e-01  -8.3700000e+00
   5.0098000e+04   5.3412200e-01  -2.4876000e+01
   5.0098500e+04   5.0360500e-01  -4.0818000e+01
   5.0099000e+04   4.4806100e-01  -5.4204000e+01
   5.0099500e+04   3.8836900e-01  -6.4494000e+01
   5.0100000e+04   3.3526800e-01  -7.2216000e+01
   5.0100500e+04   2.9120100e-01  -7.8036000e+01
   5.0101000e+04   2.5543400e-01  -8.2482000e+01
   5.0101500e+04   2.2644100e-01  -8.5956000e+01
   5.0102000e+04   2.0263800e-01  -8.8722000e+01
   5.0102500e+04   1.8295400e-01  -9.0984000e+01
   5.0103000e+04   1.6647400e-01  -9.2856000e+01
   5.0103500e+04   1.5252800e-01  -9.4422000e+01
   5.0104000e+04   1.4059500e-01  -9.5742000e+01
   5.0104500e+04   1.3028000e-01  -9.6876000e+01
   5.0105000e+04   1.2130800e-01  -9.7866000e+01
   5.0105500e+04   1.1340400e-01  -9.8736000e+01
   5.0106000e+04   1.0641500e-01  -9.9492000e+01
   5.0106500e+04   1.0022000e-01  -1.0016400e+02
   5.0107000e+04   9.4666000e-02  -1.0078200e+02
   5.0107500e+04   8.9638200e-02  -1.0131600e+02
   5.0108000e+04   8.5083500e-02  -1.0181400e+02
   5.0108500e+04   8.0940700e-02  -1.0224600e+02
   5.0109000e+04   7.7156500e-02  -1.0264800e+02
   5.0109500e+04   7.3700400e-02  -1.0301400e+02
   5.0110000e+04   7.0519000e-02  -1.0338000e+02
   5.0110500e+04   6.7566400e-02  -1.0369200e+02
   5.0111000e+04   6.4865600e-02  -1.0398600e+02
   5.0111500e+04   6.2332400e-02  -1.0428600e+02
   5.0112000e+04   5.9990200e-02  -1.0452000e+02
   5.0112500e+04   5.7800500e-02  -1.0477200e+02
   5.0113000e+04   5.5755900e-02  -1.0500600e+02
   5.0113500e+04   5.3825600e-02  -1.0519200e+02
   5.0114000e+04   5.2025100e-02  -1.0539000e+02
   5.0114500e+04   5.0331400e-02  -1.0558800e+02
   5.0115000e+04   4.8691000e-02  -1.0573200e+02
   5.0115500e+04   4.7176600e-02  -1.0589400e+02
   5.0116000e+04   4.5753700e-02  -1.0605000e+02
   5.0116500e+04   4.4399500e-02  -1.0618200e+02
   5.0117000e+04   4.3121600e-02  -1.0632600e+02
   5.0117500e+04   4.1904700e-02  -1.0645800e+02
   5.0118000e+04   4.0745000e-02  -1.0659600e+02
   5.0118500e+04   3.9650200e-02  -1.0671600e+02
   5.0119000e+04   3.8601200e-02  -1.0684200e+02
   5.0119500e+04   3.7597900e-02  -1.0693200e+02
   5.0120000e+04   3.6648000e-02  -1.0704000e+02
   5.0120500e+04   3.5724900e-02  -1.0713000e+02
   5.0121000e+04   3.4855100e-02  -1.0721400e+02
   5.0121500e+04   3.4012100e-02  -1.0732200e+02
   5.0122000e+04   3.3214800e-02  -1.0741800e+02
   5.0122500e+04   3.2432800e-02  -1.0749600e+02
   5.0123000e+04   3.1700400e-02  -1.0758600e+02
   5.0123500e+04   3.0983100e-02  -1.0767600e+02
   5.0124000e+04   3.0300300e-02  -1.0771800e+02
   5.0124500e+04   2.9644100e-02  -1.0779600e+02
   5.0125000e+04   2.9003300e-02  -1.0786800e+02
   5.0125500e+04   2.8392900e-02  -1.0794600e+02
   5.0126000e+04   2.7805400e-02  -1.0800600e+02
   5.0126500e+04   2.7233200e-02  -1.0809000e+02
   5.0127000e+04   2.6680100e-02  -1.0813200e+02
   5.0127500e+04   2.6146100e-02  -1.0819200e+02
   5.0128000e+04   2.5638700e-02  -1.0824600e+02
   5.0128500e+04   2.5135200e-02  -1.0829400e+02
   5.0129000e+04   2.4660200e-02  -1.0837800e+02
   5.0129500e+04   2.4189100e-02  -1.0842000e+02
   5.0130000e+04   2.3739000e-02  -1.0847400e+02
   5.0130500e+04   2.3302200e-02  -1.0851000e+02
   5.0131000e+04   2.2876900e-02  -1.0855800e+02
   5.0131500e+04   2.2463000e-02  -1.0860600e+02
   5.0132000e+04   2.2062400e-02  -1.0864200e+02
   5.0132500e+04   2.1671400e-02  -1.0868400e+02
   5.0133000e+04   2.1297600e-02  -1.0872000e+02
   5.0133500e+04   2.0927500e-02  -1.0876800e+02
   5.0134000e+04   2.0572800e-02  -1.0881600e+02
   5.0134500e+04   2.0225600e-02  -1.0885200e+02
   5.0135000e+04   1.9884200e-02  -1.0888800e+02
   5.0135500e+04   1.9556200e-02  -1.0891800e+02
   5.0136000e+04   1.9235700e-02  -1.0894800e+02
   5.0136500e+04   1.8921000e-02  -1.0899600e+02
   5.0137000e+04   1.8617700e-02  -1.0904400e+02
   5.0137500e+04   1.8312600e-02  -1.0908600e+02
   5.0138000e+04   1.8028400e-02  -1.0911600e+02
   5.0138500e+04   1.7744200e-02  -1.0914600e+02
   5.0139000e+04   1.7469500e-02  -1.0918200e+02
   5.0139500e+04   1.7202500e-02  -1.0917600e+02
   5.0140000e+04   1.6939300e-02  -1.0922400e+02
   5.0140500e+04   1.6683700e-02  -1.0926600e+02
   5.0141000e+04   1.6433800e-02  -1.0927800e+02
   5.0141500e+04   1.6187800e-02  -1.0932000e+02
   5.0142000e+04   1.5949400e-02  -1.0933800e+02
   5.0142500e+04   1.5716700e-02  -1.0936200e+02
   5.0143000e+04   1.5487700e-02  -1.0938600e+02
   5.0143500e+04   1.5264600e-02  -1.0940400e+02
   5.0144000e+04   1.5049000e-02  -1.0944000e+02
   5.0144500e+04   1.4831600e-02  -1.0945800e+02
   5.0145000e+04   1.4625600e-02  -1.0948800e+02
   5.0145500e+04   1.4417700e-02  -1.0950000e+02
   5.0146000e+04   1.4219300e-02  -1.0953000e+02
   5.0146500e+04   1.4021000e-02  -1.0954800e+02
   5.0147000e+04   1.3828300e-02  -1.0955400e+02
   5.0147500e+04   1.3641400e-02  -1.0958400e+02
   5.0148000e+04   1.3456400e-02  -1.0960800e+02
   5.0148500e+04   1.3273300e-02  -1.0963200e+02
   5.0149000e+04   1.3097800e-02  -1.0966800e+02
   5.0149500e+04   1.2922300e-02  -1.0968000e+02
   5.0150000e+04   1.2750700e-02  -1.0969200e+02
   5.0150500e+04   1.2582800e-02  -1.0970400e+02
   5.0151000e+04   1.2420700e-02  -1.0972200e+02
   5.0151500e+04   1.2256700e-02  -1.0974600e+02
   5.0152000e+04   1.2098400e-02  -1.0976400e+02
   5.0152500e+04   1.1943900e-02  -1.0979400e+02
   5.0153000e+04   1.1791300e-02  -1.0979400e+02
   5.0153500e+04   1.1640600e-02  -1.0980600e+02
   5.0154000e+04   1.1493700e-02  -1.0982400e+02
   5.0154500e+04   1.1348800e-02  -1.0984800e+02
   5.0155000e+04   1.1207600e-02  -1.0986600e+02
   5.0155500e+04   1.1068400e-02  -1.0987800e+02
   5.0156000e+04   1.0929200e-02  -1.0989000e+02
   5.0156500e+04   1.0793700e-02  -1.0990200e+02
   5.0157000e+04   1.0660200e-02  -1.0991400e+02
   5.0157500e+04   1.0530500e-02  -1.0992000e+02
   5.0158000e+04   1.0402700e-02  -1.0994400e+02
   5.0158500e+04   1.0274900e-02  -1.0995000e+02
   5.0159000e+04   1.0151000e-02  -1.0997400e+02
   5.0159500e+04   1.0028900e-02  -1.0998600e+02
   5.0160000e+04   9.9096900e-03  -1.0998600e+02
   5.0160500e+04   9.7904800e-03  -1.0999800e+02
   5.0161000e+04   9.6741300e-03  -1.1002800e+02
   5.0161500e+04   9.5606400e-03  -1.1004600e+02
   5.0162000e+04   9.4471600e-03  -1.1004000e+02
   5.0162500e+04   9.3355800e-03  -1.1005800e+02
   5.0163000e+04   9.2259000e-03  -1.1007000e+02
   5.0163500e+04   9.1181400e-03  -1.1007000e+02
   5.0164000e+04   9.0122800e-03  -1.1008200e+02
   5.0164500e+04   8.9073800e-03  -1.1010000e+02
   5.0165000e+04   8.8043800e-03  -1.1011800e+02
   5.0165500e+04   8.7032900e-03  -1.1011200e+02
   5.0166000e+04   8.6031600e-03  -1.1012400e+02
   5.0166500e+04   8.5049300e-03  -1.1013600e+02
   5.0167000e+04   8.4067000e-03  -1.1013600e+02
   5.0167500e+04   8.3113300e-03  -1.1014800e+02
   5.0168000e+04   8.2159600e-03  -1.1016600e+02
   5.0168500e+04   8.1244100e-03  -1.1019000e+02
   5.0169000e+04   8.0328600e-03  -1.1019600e+02
   5.0169500e+04   7.9413100e-03  -1.1020800e+02
   5.0170000e+04   7.8526100e-03  -1.1020200e+02
   5.0170500e+04   7.7648500e-03  -1.1021400e+02
   5.0171000e+04   7.6780600e-03  -1.1021400e+02
   5.0171500e+04   7.5912800e-03  -1.1022000e+02
   5.0172000e+04   7.5083100e-03  -1.1024400e+02
   5.0172500e+04   7.4253400e-03  -1.1025600e+02
   5.0173000e+04   7.3414100e-03  -1.1023800e+02
   5.0173500e+04   7.2603500e-03  -1.1025000e+02
   5.0174000e+04   7.1802400e-03  -1.1026200e+02
   5.0174500e+04   7.1020400e-03  -1.1025600e+02
   5.0175000e+04   7.0238400e-03  -1.1027400e+02
   5.0175500e+04   6.9465900e-03  -1.1029800e+02
   5.0176000e+04   6.8703000e-03  -1.1029800e+02
   5.0176500e+04   6.7959100e-03  -1.1031000e+02
   5.0177000e+04   6.7205700e-03  -1.1031000e+02
   5.0177500e+04   6.6480900e-03  -1.1031000e+02
   5.0178000e+04   6.5756100e-03  -1.1032200e+02
   5.0178500e+04   6.5040900e-03  -1.1032200e+02
   5.0179000e+04   6.4335200e-03  -1.1032800e+02
   5.0179500e+04   6.3639000e-03  -1.1033400e+02
   5.0180000e+04   6.2952300e-03  -1.1035800e+02
   5.0180500e+04   6.2265700e-03  -1.1035200e+02
   5.0181000e+04   6.1588600e-03  -1.1035200e+02
   5.0181500e+04   6.0940100e-03  -1.1037000e+02
   5.0182000e+04   6.0282100e-03  -1.1037000e+02
   5.0182500e+04   5.9633600e-03  -1.1037000e+02
   5.0183000e+04   5.8994600e-03  -1.1039400e+02
   5.0183500e+04   5.8355600e-03  -1.1038200e+02
   5.0184000e+04   5.7726200e-03  -1.1039400e+02
   5.0184500e+04   5.7106300e-03  -1.1040000e+02
   5.0185000e+04   5.6496000e-03  -1.1040000e+02
   5.0185500e+04   5.5885600e-03  -1.1038800e+02
   5.0186000e+04   5.5294300e-03  -1.1039400e+02
   5.0186500e+04   5.4703100e-03  -1.1042400e+02
   5.0187000e+04   5.4121300e-03  -1.1043600e+02
   5.0187500e+04   5.3549100e-03  -1.1044200e+02
   5.0188000e+04   5.2967400e-03  -1.1043000e+02
   5.0188500e+04   5.2404700e-03  -1.1044200e+02
   5.0189000e+04   5.1842000e-03  -1.1043600e+02
   5.0189500e+04   5.1288900e-03  -1.1043600e+02
   5.0190000e+04   5.0735800e-03  -1.1044200e+02
   5.0190500e+04   5.0201700e-03  -1.1046000e+02
   5.0191000e+04   4.9624700e-03  -1.1041200e+02
   5.0191500e+04   4.9095500e-03  -1.1041200e+02
   5.0192000e+04   4.8575700e-03  -1.1041800e+02
   5.0192500e+04   4.8055900e-03  -1.1043000e+02
   5.0193000e+04   4.7545700e-03  -1.1042400e+02
   5.0193500e+04   4.7040300e-03  -1.1042400e+02
   5.0194000e+04   4.6534800e-03  -1.1044200e+02
   5.0194500e+04   4.6038900e-03  -1.1044200e+02
   5.0195000e+04   4.5547800e-03  -1.1044800e+02
   5.0195500e+04   4.5061400e-03  -1.1045400e+02
   5.0196000e+04   4.4584600e-03  -1.1044800e+02
   5.0196500e+04   4.4107700e-03  -1.1046000e+02
   5.0197000e+04   4.3635700e-03  -1.1046000e+02
   5.0197500e+04   4.3173100e-03  -1.1047200e+02
   5.0198000e+04   4.2710600e-03  -1.1047800e+02
   5.0198500e+04   4.2243300e-03  -1.1047800e+02
   5.0199000e+04   4.1799800e-03  -1.1046600e+02
   5.0199500e+04   4.1346800e-03  -1.1047200e+02
   5.0200000e+04   4.0903400e-03  -1.1048400e+02
   5.0200500e+04   4.0459900e-03  -1.1049000e+02
   5.0201000e+04   4.0026000e-03  -1.1049000e+02
   5.0201500e+04   3.9596900e-03  -1.1050200e+02
   5.0202000e+04   3.9167700e-03  -1.1049600e+02
   5.0202500e+04   3.8738400e-03  -1.1049000e+02
   5.0203000e+04   3.8323600e-03  -1.1049000e+02
   5.0203500e+04   3.7903900e-03  -1.1049000e+02
   5.0204000e+04   3.7493900e-03  -1.1049000e+02
   5.0204500e+04   3.7088500e-03  -1.1049600e+02
   5.0205000e+04   3.6683200e-03  -1.1049600e+02
   5.0205500e+04   3.6287500e-03  -1.1049600e+02
   5.0206000e+04   3.5891700e-03  -1.1050800e+02
   5.0206500e+04   3.5495900e-03  -1.1050200e+02
   5.0207000e+04   3.5100100e-03  -1.1050200e+02
   5.0207500e+04   3.4718700e-03  -1.1050800e+02
   5.0208000e+04   3.4337200e-03  -1.1049600e+02
   5.0208500e+04   3.3960500e-03  -1.1050800e+02
   5.0209000e+04   3.3583800e-03  -1.1052000e+02
   5.0209500e+04   3.3207100e-03  -1.1051400e+02
   5.0210000e+04   3.2844700e-03  -1.1050800e+02
   5.0210500e+04   3.2472800e-03  -1.1051400e+02
   5.0211000e+04   3.2110400e-03  -1.1049600e+02
   5.0211500e+04   3.1757500e-03  -1.1049000e+02
   5.0212000e+04   3.1404600e-03  -1.1049600e+02
   5.0212500e+04   3.1047000e-03  -1.1050200e+02
   5.0213000e+04   3.0694200e-03  -1.1050800e+02
   5.0213500e+04   3.0346100e-03  -1.1049600e+02
   5.0214000e+04   3.0007500e-03  -1.1049000e+02
   5.0214500e+04   2.9664200e-03  -1.1049600e+02
   5.0215000e+04   2.9330400e-03  -1.1049600e+02
   5.0215500e+04   2.8987100e-03  -1.1049000e+02
   5.0216000e+04   2.8662800e-03  -1.1049600e+02
   5.0216500e+04   2.8329000e-03  -1.1049600e+02
   5.0217000e+04   2.8004800e-03  -1.1049600e+02
   5.0217500e+04   2.7675800e-03  -1.1049000e+02
   5.0218000e+04   2.7361100e-03  -1.1050200e+02
   5.0218500e+04   2.7041600e-03  -1.1047200e+02
   5.0219000e+04   2.6722100e-03  -1.1048400e+02
   5.0219500e+04   2.6412200e-03  -1.1049600e+02
   5.0220000e+04   2.6102200e-03  -1.1050200e+02
   5.0220500e+04   2.5792300e-03  -1.1049000e+02
   5.0221000e+04   2.5482300e-03  -1.1049600e+02
   5.0221500e+04   2.5177200e-03  -1.1049600e+02
   5.0222000e+04   2.4886300e-03  -1.1047200e+02
   5.0222500e+04   2.4583500e-03  -1.1047800e+02
   5.0223000e+04   2.4290200e-03  -1.1046600e+02
   5.0223500e+04   2.3994600e-03  -1.1046600e+02
   5.0224000e+04   2.3703700e-03  -1.1047800e+02
   5.0224500e+04   2.3412900e-03  -1.1047200e+02
   5.0225000e+04   2.3129100e-03  -1.1047200e+02
   5.0225500e+04   2.2840600e-03  -1.1046600e+02
   5.0226000e+04   2.2561700e-03  -1.1045400e+02
   5.0226500e+04   2.2285100e-03  -1.1046000e+02
   5.0227000e+04   2.2001400e-03  -1.1046600e+02
   5.0227500e+04   2.1724800e-03  -1.1046600e+02
   5.0228000e+04   2.1448300e-03  -1.1044800e+02
   5.0228500e+04   2.1181300e-03  -1.1044800e+02
   5.0229000e+04   2.0911800e-03  -1.1044800e+02
   5.0229500e+04   2.0642400e-03  -1.1043600e+02
   5.0230000e+04   2.0382600e-03  -1.1042400e+02
   5.0230500e+04   2.0113100e-03  -1.1041800e+02
   5.0231000e+04   1.9853300e-03  -1.1041200e+02
   5.0231500e+04   1.9593400e-03  -1.1041800e+02
   5.0232000e+04   1.9335800e-03  -1.1041800e+02
   5.0232500e+04   1.9080700e-03  -1.1041200e+02
   5.0233000e+04   1.8830400e-03  -1.1040600e+02
   5.0233500e+04   1.8575300e-03  -1.1040000e+02
   5.0234000e+04   1.8324900e-03  -1.1037000e+02
   5.0234500e+04   1.8074600e-03  -1.1038200e+02
   5.0235000e+04   1.7826600e-03  -1.1037600e+02
   5.0235500e+04   1.7585800e-03  -1.1038200e+02
   5.0236000e+04   1.7337900e-03  -1.1036400e+02
   5.0236500e+04   1.7097100e-03  -1.1037000e+02
   5.0237000e+04   1.6863400e-03  -1.1033400e+02
   5.0237500e+04   1.6620200e-03  -1.1032200e+02
   5.0238000e+04   1.6389000e-03  -1.1034000e+02
   5.0238500e+04   1.6152900e-03  -1.1033400e+02
   5.0239000e+04   1.5921700e-03  -1.1032200e+02
   5.0239500e+04   1.5685600e-03  -1.1031000e+02
   5.0240000e+04   1.5456800e-03  -1.1030400e+02
   5.0240500e+04   1.5230300e-03  -1.1030400e+02
   5.0241000e+04   1.5006100e-03  -1.1028000e+02
   5.0241500e+04   1.4782000e-03  -1.1026200e+02
   5.0242000e+04   1.4560300e-03  -1.1025600e+02
   5.0242500e+04   1.4331400e-03  -1.1026800e+02
   5.0243000e+04   1.4112100e-03  -1.1027400e+02
   5.0243500e+04   1.3897500e-03  -1.1025600e+02
   5.0244000e+04   1.3680500e-03  -1.1020200e+02
   5.0244500e+04   1.3466000e-03  -1.1022600e+02
   5.0245000e+04   1.3253800e-03  -1.1020200e+02
   5.0245500e+04   1.3032000e-03  -1.1020200e+02
   5.0246000e+04   1.2827000e-03  -1.1019600e+02
   5.0246500e+04   1.2614800e-03  -1.1017800e+02
   5.0247000e+04   1.2407400e-03  -1.1017800e+02
   5.0247500e+04   1.2207100e-03  -1.1014800e+02
   5.0248000e+04   1.1999700e-03  -1.1011200e+02
   5.0248500e+04   1.1787500e-03  -1.1008200e+02
   5.0249000e+04   1.1584800e-03  -1.1008800e+02
   5.0249500e+04   1.1391700e-03  -1.1010600e+02
   5.0250000e+04   1.1184300e-03  -1.1005800e+02
   5.0250500e+04   1.0984000e-03  -1.1004000e+02
   5.0251000e+04   1.0790900e-03  -1.0999200e+02
   5.0251500e+04   1.0593000e-03  -1.0999800e+02
   5.0252000e+04   1.0399900e-03  -1.0996200e+02
   5.0252500e+04   1.0204400e-03  -1.0993800e+02
   5.0253000e+04   1.0016000e-03  -1.0993800e+02
   5.0253500e+04   9.8241100e-04  -1.0996200e+02
   5.0254000e+04   9.6333400e-04  -1.0987800e+02
   5.0254500e+04   9.4473700e-04  -1.0987800e+02
   5.0255000e+04   9.2614100e-04  -1.0986600e+02
   5.0255500e+04   9.0730600e-04  -1.0983000e+02
   5.0256000e+04   8.8847100e-04  -1.0979400e+02
   5.0256500e+04   8.7011200e-04  -1.0978200e+02
   5.0257000e+04   8.5211200e-04  -1.0979400e+02
   5.0257500e+04   8.3375300e-04  -1.0976400e+02
   5.0258000e+04   8.1551400e-04  -1.0969200e+02
   5.0258500e+04   7.9787200e-04  -1.0970400e+02
   5.0259000e+04   7.7999000e-04  -1.0965600e+02
   5.0259500e+04   7.6258600e-04  -1.0961400e+02
   5.0260000e+04   7.4506200e-04  -1.0955400e+02
   5.0260500e+04   7.2718000e-04  -1.0956000e+02
   5.0261000e+04   7.0989500e-04  -1.0951200e+02
   5.0261500e+04   6.9272900e-04  -1.0946400e+02
   5.0262000e+04   6.7556300e-04  -1.0945800e+02
   5.0262500e+04   6.5875400e-04  -1.0939200e+02
   5.0263000e+04   6.4158800e-04  -1.0935600e+02
   5.0263500e+04   6.2442200e-04  -1.0927800e+02
   5.0264000e+04   6.0785200e-04  -1.0924800e+02
   5.0264500e+04   5.9104300e-04  -1.0921200e+02
   5.0265000e+04   5.7471200e-04  -1.0914000e+02
   5.0265500e+04   5.5814200e-04  -1.0910400e+02
   5.0266000e+04   5.4181000e-04  -1.0903800e+02
   5.0266500e+04   5.2524000e-04  -1.0897800e+02
   5.0267000e+04   5.0926600e-04  -1.0890600e+02
   5.0267500e+04   4.9335100e-04  -1.0884000e+02
   5.0268000e+04   4.7731600e-04  -1.0874400e+02
   5.0268500e+04   4.6116300e-04  -1.0867800e+02
   5.0269000e+04   4.4566600e-04  -1.0858800e+02
   5.0269500e+04   4.2975100e-04  -1.0848600e+02
   5.0270000e+04   4.1425400e-04  -1.0842000e+02
   5.0270500e+04   3.9851900e-04  -1.0832400e+02
   5.0271000e+04   3.8361700e-04  -1.0819800e+02
   5.0271500e+04   3.6788200e-04  -1.0807800e+02
   5.0272000e+04   3.5268300e-04  -1.0797600e+02
   5.0272500e+04   3.3760300e-04  -1.0782600e+02
   5.0273000e+04   3.2258200e-04  -1.0769400e+02
   5.0273500e+04   3.0780000e-04  -1.0749600e+02
   5.0274000e+04   2.9266100e-04  -1.0728600e+02
   5.0274500e+04   2.7787900e-04  -1.0708800e+02
   5.0275000e+04   2.6321600e-04  -1.0693200e+02
   5.0275500e+04   2.4861300e-04  -1.0668600e+02
   5.0276000e+04   2.3424700e-04  -1.0636800e+02
   5.0276500e+04   2.1949500e-04  -1.0606200e+02
   5.0277000e+04   2.0533900e-04  -1.0569000e+02
   5.0277500e+04   1.9100400e-04  -1.0540200e+02
   5.0278000e+04   1.7672900e-04  -1.0486200e+02
   5.0278500e+04   1.6275100e-04  -1.0437000e+02
   5.0279000e+04   1.4856600e-04  -1.0373400e+02
   5.0279500e+04   1.3473700e-04  -1.0302000e+02
   5.0280000e+04   1.2102800e-04  -1.0206600e+02
   5.0280500e+04   1.0725900e-04  -1.0087800e+02
   5.0281000e+04   9.3699000e-05  -9.9444000e+01
   5.0281500e+04   8.0429500e-05  -9.7302000e+01
   5.0282000e+04   6.7383500e-05  -9.4716000e+01
   5.0282500e+04   5.4218100e-05  -9.0684000e+01
   5.0283000e+04   4.1727200e-05  -8.4108000e+01
   5.0283500e+04   3.0525300e-05  -7.2804000e+01
   5.0284000e+04   2.1713000e-05  -5.0376000e+01
   5.0284500e+04   1.9094100e-05  -1.2300000e+01
   5.0285000e+04   2.4745400e-05   1.8924000e+01
   5.0285500e+04   3.4895000e-05   3.5742000e+01
   5.0286000e+04   4.6264600e-05   4.4850000e+01
   5.0286500e+04   5.8532000e-05   4.9932000e+01
   5.0287000e+04   7.1116300e-05   5.3406000e+01
   5.0287500e+04   8.3320300e-05   5.5872000e+01
   5.0288000e+04   9.5800000e-05   5.7570000e+01
   5.0288500e+04   1.0830200e-04   5.8884000e+01
   5.0289000e+04   1.2075900e-04   5.9940000e+01
   5.0289500e+04   1.3357500e-04   6.0804000e+01
   5.0290000e+04   1.4561500e-04   6.1548000e+01
   5.0290500e+04   1.5780400e-04   6.1980000e+01
   5.0291000e+04   1.7058900e-04   6.2586000e+01
   5.0291500e+04   1.8286800e-04   6.2958000e+01
   5.0292000e+04   1.9493800e-04   6.3348000e+01
   5.0292500e+04   2.0697800e-04   6.3684000e+01
   5.0293000e+04   2.1934600e-04   6.3978000e+01
   5.0293500e+04   2.3117800e-04   6.4212000e+01
   5.0294000e+04   2.4342600e-04   6.4458000e+01
   5.0294500e+04   2.5534800e-04   6.4674000e+01
   5.0295000e+04   2.6673300e-04   6.4890000e+01
   5.0295500e+04   2.7907100e-04   6.5046000e+01
   5.0296000e+04   2.9087300e-04   6.5214000e+01
   5.0296500e+04   3.0243600e-04   6.5352000e+01
   5.0297000e+04   3.1435700e-04   6.5448000e+01
   5.0297500e+04   3.2586000e-04   6.5640000e+01
   5.0298000e+04   3.3748300e-04   6.5706000e+01
   5.0298500e+04   3.4874900e-04   6.5838000e+01
   5.0299000e+04   3.6031200e-04   6.5904000e+01
   5.0299500e+04   3.7205400e-04   6.6054000e+01
   5.0300000e+04   3.8296200e-04   6.6126000e+01
   5.0300000e+04   3.8308100e-04   6.6096000e+01
   5.0310000e+04   5.9915000e-04   6.7110000e+01
   5.0320000e+04   7.9560700e-04   6.7536000e+01
   5.0330000e+04   9.7549300e-04   6.7770000e+01
   5.0340000e+04   1.1408400e-03   6.7896000e+01
   5.0350000e+04   1.2931900e-03   6.8028000e+01
   5.0360000e+04   1.4336200e-03   6.8082000e+01
   5.0370000e+04   1.5640300e-03   6.8100000e+01
   5.0380000e+04   1.6849100e-03   6.8124000e+01
   5.0390000e+04   1.7981600e-03   6.8166000e+01
   5.0400000e+04   1.9035400e-03   6.8172000e+01
   5.0410000e+04   2.0020200e-03   6.8190000e+01
   5.0420000e+04   2.0947600e-03   6.8208000e+01
   5.0430000e+04   2.1820200e-03   6.8214000e+01
   5.0440000e+04   2.2638000e-03   6.8226000e+01
   5.0450000e+04   2.3412900e-03   6.8214000e+01
   5.0460000e+04   2.4144800e-03   6.8232000e+01
   5.0470000e+04   2.4841000e-03   6.8226000e+01
   5.0480000e+04   2.5496600e-03   6.8232000e+01
   5.0490000e+04   2.6116500e-03   6.8226000e+01
   5.0500000e+04   2.6707800e-03   6.8244000e+01
