   5.0092000e+04   5.4609500e-02   5.2344000e+01
   5.0092050e+04   1.5524400e-01   5.2218000e+01
   5.0092100e+04   1.5640400e-01   5.2104000e+01
   5.0092150e+04   1.5762400e-01   5.1960000e+01
   5.0092200e+04   1.5884500e-01   5.1834000e+01
   5.0092250e+04   1.6006600e-01   5.1702000e+01
   5.0092300e+04   1.6137800e-01   5.1558000e+01
   5.0092350e+04   1.6262900e-01   5.1414000e+01
   5.0092400e+04   1.6394100e-01   5.1264000e+01
   5.0092450e+04   1.6525400e-01   5.1114000e+01
   5.0092500e+04   1.6659600e-01   5.0958000e+01
   5.0092550e+04   1.6793900e-01   5.0808000e+01
   5.0092600e+04   1.6934300e-01   5.0640000e+01
   5.0092650e+04   1.7074700e-01   5.0502000e+01
   5.0092700e+04   1.7218100e-01   5.0322000e+01
   5.0092750e+04   1.7361500e-01   5.0160000e+01
   5.0092800e+04   1.7514100e-01   5.0016000e+01
   5.0092850e+04   1.7660600e-01   4.9848000e+01
   5.0092900e+04   1.7813200e-01   4.9686000e+01
   5.0092950e+04   1.7968800e-01   4.9500000e+01
   5.0093000e+04   1.8127500e-01   4.9326000e+01
   5.0093050e+04   1.8289300e-01   4.9152000e+01
   5.0093100e+04   1.8454100e-01   4.8948000e+01
   5.0093150e+04   1.8618900e-01   4.8756000e+01
   5.0093200e+04   1.8786700e-01   4.8570000e+01
   5.0093250e+04   1.8960700e-01   4.8384000e+01
   5.0093300e+04   1.9131600e-01   4.8174000e+01
   5.0093350e+04   1.9311600e-01   4.7982000e+01
   5.0093400e+04   1.9494700e-01   4.7784000e+01
   5.0093450e+04   1.9680900e-01   4.7580000e+01
   5.0093500e+04   1.9870100e-01   4.7346000e+01
   5.0093550e+04   2.0059300e-01   4.7124000e+01
   5.0093600e+04   2.0257700e-01   4.6908000e+01
   5.0093650e+04   2.0453000e-01   4.6680000e+01
   5.0093700e+04   2.0657400e-01   4.6452000e+01
   5.0093750e+04   2.0861900e-01   4.6212000e+01
   5.0093800e+04   2.1072500e-01   4.5978000e+01
   5.0093850e+04   2.1289200e-01   4.5714000e+01
   5.0093900e+04   2.1505800e-01   4.5462000e+01
   5.0093950e+04   2.1728600e-01   4.5198000e+01
   5.0094000e+04   2.1954400e-01   4.4934000e+01
   5.0094050e+04   2.2186400e-01   4.4670000e+01
   5.0094100e+04   2.2418300e-01   4.4388000e+01
   5.0094150e+04   2.2662400e-01   4.4118000e+01
   5.0094200e+04   2.2906600e-01   4.3824000e+01
   5.0094250e+04   2.3156800e-01   4.3524000e+01
   5.0094300e+04   2.3410100e-01   4.3230000e+01
   5.0094350e+04   2.3672600e-01   4.2918000e+01
   5.0094400e+04   2.3938100e-01   4.2600000e+01
   5.0094450e+04   2.4209700e-01   4.2288000e+01
   5.0094500e+04   2.4487400e-01   4.1952000e+01
   5.0094550e+04   2.4768200e-01   4.1622000e+01
   5.0094600e+04   2.5061200e-01   4.1274000e+01
   5.0094650e+04   2.5354200e-01   4.0908000e+01
   5.0094700e+04   2.5653300e-01   4.0542000e+01
   5.0094750e+04   2.5958400e-01   4.0182000e+01
   5.0094800e+04   2.6275800e-01   3.9810000e+01
   5.0094850e+04   2.6587100e-01   3.9408000e+01
   5.0094900e+04   2.6916700e-01   3.9006000e+01
   5.0094950e+04   2.7252400e-01   3.8604000e+01
   5.0095000e+04   2.7594200e-01   3.8166000e+01
   5.0095050e+04   2.7936000e-01   3.7734000e+01
   5.0095100e+04   2.8296100e-01   3.7296000e+01
   5.0095150e+04   2.8650100e-01   3.6822000e+01
   5.0095200e+04   2.9028500e-01   3.6354000e+01
   5.0095250e+04   2.9400800e-01   3.5880000e+01
   5.0095300e+04   2.9791500e-01   3.5382000e+01
   5.0095350e+04   3.0194300e-01   3.4878000e+01
   5.0095400e+04   3.0597100e-01   3.4344000e+01
   5.0095450e+04   3.1006100e-01   3.3816000e+01
   5.0095500e+04   3.1427200e-01   3.3258000e+01
   5.0095550e+04   3.1854400e-01   3.2700000e+01
   5.0095600e+04   3.2293900e-01   3.2118000e+01
   5.0095650e+04   3.2739400e-01   3.1518000e+01
   5.0095700e+04   3.3197200e-01   3.0918000e+01
   5.0095750e+04   3.3661100e-01   3.0282000e+01
   5.0095800e+04   3.4131100e-01   2.9610000e+01
   5.0095850e+04   3.4619300e-01   2.8944000e+01
   5.0095900e+04   3.5101500e-01   2.8254000e+01
   5.0095950e+04   3.5602000e-01   2.7564000e+01
   5.0096000e+04   3.6120800e-01   2.6820000e+01
   5.0096050e+04   3.6633500e-01   2.6070000e+01
   5.0096100e+04   3.7164500e-01   2.5284000e+01
   5.0096150e+04   3.7701600e-01   2.4480000e+01
   5.0096200e+04   3.8244800e-01   2.3658000e+01
   5.0096250e+04   3.8794100e-01   2.2806000e+01
   5.0096300e+04   3.9355700e-01   2.1948000e+01
   5.0096350e+04   3.9917200e-01   2.1048000e+01
   5.0096400e+04   4.0490900e-01   2.0112000e+01
   5.0096450e+04   4.1070700e-01   1.9170000e+01
   5.0096500e+04   4.1650600e-01   1.8174000e+01
   5.0096550e+04   4.2236500e-01   1.7160000e+01
   5.0096600e+04   4.2834700e-01   1.6122000e+01
   5.0096650e+04   4.3426700e-01   1.5060000e+01
   5.0096700e+04   4.4031000e-01   1.3944000e+01
   5.0096750e+04   4.4623000e-01   1.2816000e+01
   5.0096800e+04   4.5215000e-01   1.1646000e+01
   5.0096850e+04   4.5801000e-01   1.0452000e+01
   5.0096900e+04   4.6380800e-01   9.2160000e+00
   5.0096950e+04   4.6954500e-01   7.9680000e+00
   5.0097000e+04   4.7528300e-01   6.6720000e+00
   5.0097050e+04   4.8077600e-01   5.3520000e+00
   5.0097100e+04   4.8620800e-01   3.9960000e+00
   5.0097150e+04   4.9139600e-01   2.6040000e+00
   5.0097200e+04   4.9652300e-01   1.1880000e+00
   5.0097250e+04   5.0146900e-01  -2.4600000e-01
   5.0097300e+04   5.0616800e-01  -1.7280000e+00
   5.0097350e+04   5.1056300e-01  -3.2220000e+00
   5.0097400e+04   5.1483500e-01  -4.7520000e+00
   5.0097450e+04   5.1868100e-01  -6.3060000e+00
   5.0097500e+04   5.2216000e-01  -7.8840000e+00
   5.0097550e+04   5.2527200e-01  -9.4740000e+00
   5.0097600e+04   5.2808000e-01  -1.1082000e+01
   5.0097650e+04   5.3064300e-01  -1.2708000e+01
   5.0097700e+04   5.3278000e-01  -1.4352000e+01
   5.0097750e+04   5.3436700e-01  -1.6014000e+01
   5.0097800e+04   5.3540400e-01  -1.7688000e+01
   5.0097850e+04   5.3607600e-01  -1.9368000e+01
   5.0097900e+04   5.3619800e-01  -2.1030000e+01
   5.0097950e+04   5.3595400e-01  -2.2704000e+01
   5.0098000e+04   5.3528200e-01  -2.4384000e+01
   5.0098050e+04   5.3406100e-01  -2.6052000e+01
   5.0098100e+04   5.3247500e-01  -2.7720000e+01
   5.0098150e+04   5.3039900e-01  -2.9358000e+01
   5.0098200e+04   5.2795800e-01  -3.0996000e+01
   5.0098250e+04   5.2508900e-01  -3.2616000e+01
   5.0098300e+04   5.2191500e-01  -3.4218000e+01
   5.0098350e+04   5.1831400e-01  -3.5808000e+01
   5.0098400e+04   5.1440800e-01  -3.7368000e+01
   5.0098450e+04   5.1013600e-01  -3.8910000e+01
   5.0098500e+04   5.0555800e-01  -4.0404000e+01
   5.0098550e+04   5.0079700e-01  -4.1898000e+01
   5.0098600e+04   4.9585200e-01  -4.3344000e+01
   5.0098650e+04   4.9060200e-01  -4.4778000e+01
   5.0098700e+04   4.8523100e-01  -4.6164000e+01
   5.0098750e+04   4.7967700e-01  -4.7532000e+01
   5.0098800e+04   4.7400100e-01  -4.8876000e+01
   5.0098850e+04   4.6814200e-01  -5.0178000e+01
   5.0098900e+04   4.6228200e-01  -5.1438000e+01
   5.0098950e+04   4.5624000e-01  -5.2680000e+01
   5.0099000e+04   4.5025800e-01  -5.3892000e+01
   5.0099050e+04   4.4427700e-01  -5.5056000e+01
   5.0099100e+04   4.3817300e-01  -5.6214000e+01
   5.0099150e+04   4.3207000e-01  -5.7318000e+01
   5.0099200e+04   4.2602700e-01  -5.8404000e+01
   5.0099250e+04   4.1998500e-01  -5.9472000e+01
   5.0099300e+04   4.1394200e-01  -6.0498000e+01
   5.0099350e+04   4.0808300e-01  -6.1476000e+01
   5.0099400e+04   4.0216300e-01  -6.2448000e+01
   5.0099450e+04   3.9636400e-01  -6.3402000e+01
   5.0099500e+04   3.9056600e-01  -6.4290000e+01
   5.0099550e+04   3.8482900e-01  -6.5196000e+01
   5.0099600e+04   3.7915200e-01  -6.6042000e+01
   5.0099650e+04   3.7365900e-01  -6.6876000e+01
   5.0099700e+04   3.6810500e-01  -6.7686000e+01
   5.0099750e+04   3.6267300e-01  -6.8466000e+01
   5.0099800e+04   3.5736300e-01  -6.9234000e+01
   5.0099850e+04   3.5217500e-01  -6.9990000e+01
   5.0099900e+04   3.4698700e-01  -7.0686000e+01
   5.0099950e+04   3.4192100e-01  -7.1382000e+01
   5.0100000e+04   3.3697700e-01  -7.2072000e+01
   5.0100050e+04   3.3215500e-01  -7.2726000e+01
   5.0100100e+04   3.2733300e-01  -7.3368000e+01
   5.0100150e+04   3.2263400e-01  -7.3998000e+01
   5.0100200e+04   3.1811700e-01  -7.4610000e+01
   5.0100250e+04   3.1360100e-01  -7.5198000e+01
   5.0100300e+04   3.0920600e-01  -7.5774000e+01
   5.0100350e+04   3.0493400e-01  -7.6344000e+01
   5.0100400e+04   3.0078300e-01  -7.6878000e+01
   5.0100450e+04   2.9657200e-01  -7.7412000e+01
   5.0100500e+04   2.9254300e-01  -7.7916000e+01
   5.0100550e+04   2.8857600e-01  -7.8414000e+01
   5.0100600e+04   2.8473100e-01  -7.8906000e+01
   5.0100650e+04   2.8088600e-01  -7.9380000e+01
   5.0100700e+04   2.7722400e-01  -7.9842000e+01
   5.0100750e+04   2.7356100e-01  -8.0286000e+01
   5.0100800e+04   2.6996000e-01  -8.0724000e+01
   5.0100850e+04   2.6642000e-01  -8.1144000e+01
   5.0100900e+04   2.6300200e-01  -8.1552000e+01
   5.0100950e+04   2.5970600e-01  -8.1954000e+01
   5.0101000e+04   2.5641100e-01  -8.2380000e+01
   5.0101050e+04   2.5317600e-01  -8.2764000e+01
   5.0101100e+04   2.5012400e-01  -8.3124000e+01
   5.0101150e+04   2.4698000e-01  -8.3508000e+01
   5.0101200e+04   2.4402000e-01  -8.3862000e+01
   5.0101250e+04   2.4102900e-01  -8.4216000e+01
   5.0101300e+04   2.3813000e-01  -8.4552000e+01
   5.0101350e+04   2.3532200e-01  -8.4906000e+01
   5.0101400e+04   2.3254500e-01  -8.5236000e+01
   5.0101450e+04   2.2982900e-01  -8.5548000e+01
   5.0101500e+04   2.2717400e-01  -8.5860000e+01
   5.0101550e+04   2.2458000e-01  -8.6148000e+01
   5.0101600e+04   2.2201600e-01  -8.6454000e+01
   5.0101650e+04   2.1948300e-01  -8.6742000e+01
   5.0101700e+04   2.1704200e-01  -8.7042000e+01
   5.0101750e+04   2.1463100e-01  -8.7336000e+01
   5.0101800e+04   2.1228100e-01  -8.7600000e+01
   5.0101850e+04   2.0993100e-01  -8.7870000e+01
   5.0101900e+04   2.0767300e-01  -8.8140000e+01
   5.0101950e+04   2.0544500e-01  -8.8404000e+01
   5.0102000e+04   2.0324800e-01  -8.8650000e+01
   5.0102050e+04   2.0111200e-01  -8.8890000e+01
   5.0102100e+04   1.9903700e-01  -8.9142000e+01
   5.0102150e+04   1.9693100e-01  -8.9388000e+01
   5.0102200e+04   1.9491700e-01  -8.9616000e+01
   5.0102250e+04   1.9290300e-01  -8.9844000e+01
   5.0102300e+04   1.9094900e-01  -9.0078000e+01
   5.0102350e+04   1.8902700e-01  -9.0294000e+01
   5.0102400e+04   1.8713500e-01  -9.0504000e+01
   5.0102450e+04   1.8530400e-01  -9.0714000e+01
   5.0102500e+04   1.8347300e-01  -9.0924000e+01
   5.0102550e+04   1.8167200e-01  -9.1128000e+01
   5.0102600e+04   1.7993300e-01  -9.1326000e+01
   5.0102650e+04   1.7822400e-01  -9.1530000e+01
   5.0102700e+04   1.7651500e-01  -9.1722000e+01
   5.0102750e+04   1.7483600e-01  -9.1902000e+01
   5.0102800e+04   1.7321900e-01  -9.2076000e+01
   5.0102850e+04   1.7157100e-01  -9.2262000e+01
   5.0102900e+04   1.6998400e-01  -9.2448000e+01
   5.0102950e+04   1.6845800e-01  -9.2628000e+01
   5.0103000e+04   1.6690200e-01  -9.2802000e+01
   5.0103050e+04   1.6543700e-01  -9.2976000e+01
   5.0103100e+04   1.6394100e-01  -9.3150000e+01
   5.0103150e+04   1.6247700e-01  -9.3300000e+01
   5.0103200e+04   1.6104200e-01  -9.3462000e+01
   5.0103250e+04   1.5960800e-01  -9.3636000e+01
   5.0103300e+04   1.5823500e-01  -9.3792000e+01
   5.0103350e+04   1.5686100e-01  -9.3948000e+01
   5.0103400e+04   1.5551900e-01  -9.4092000e+01
   5.0103450e+04   1.5420600e-01  -9.4242000e+01
   5.0103500e+04   1.5289400e-01  -9.4392000e+01
   5.0103550e+04   1.5164300e-01  -9.4518000e+01
   5.0103600e+04   1.5039200e-01  -9.4656000e+01
   5.0103650e+04   1.4911000e-01  -9.4806000e+01
   5.0103700e+04   1.4788900e-01  -9.4944000e+01
   5.0103750e+04   1.4669900e-01  -9.5082000e+01
   5.0103800e+04   1.4550900e-01  -9.5226000e+01
   5.0103850e+04   1.4431900e-01  -9.5346000e+01
   5.0103900e+04   1.4315900e-01  -9.5478000e+01
   5.0103950e+04   1.4203000e-01  -9.5604000e+01
   5.0104000e+04   1.4093100e-01  -9.5712000e+01
   5.0104050e+04   1.3980200e-01  -9.5832000e+01
   5.0104100e+04   1.3873400e-01  -9.5958000e+01
   5.0104150e+04   1.3763500e-01  -9.6078000e+01
   5.0104200e+04   1.3659800e-01  -9.6186000e+01
   5.0104250e+04   1.3556000e-01  -9.6300000e+01
   5.0104300e+04   1.3452200e-01  -9.6414000e+01
   5.0104350e+04   1.3351500e-01  -9.6522000e+01
   5.0104400e+04   1.3250800e-01  -9.6642000e+01
   5.0104450e+04   1.3153200e-01  -9.6762000e+01
   5.0104500e+04   1.3058600e-01  -9.6858000e+01
   5.0104550e+04   1.2960900e-01  -9.6972000e+01
   5.0104600e+04   1.2869400e-01  -9.7074000e+01
   5.0104650e+04   1.2771700e-01  -9.7170000e+01
   5.0104700e+04   1.2680100e-01  -9.7278000e+01
   5.0104750e+04   1.2591600e-01  -9.7386000e+01
   5.0104800e+04   1.2503100e-01  -9.7482000e+01
   5.0104850e+04   1.2411500e-01  -9.7578000e+01
   5.0104900e+04   1.2326100e-01  -9.7674000e+01
   5.0104950e+04   1.2240600e-01  -9.7764000e+01
   5.0105000e+04   1.2155200e-01  -9.7854000e+01
   5.0105050e+04   1.2069700e-01  -9.7944000e+01
   5.0105100e+04   1.1990400e-01  -9.8028000e+01
   5.0105150e+04   1.1908000e-01  -9.8118000e+01
   5.0105200e+04   1.1828700e-01  -9.8208000e+01
   5.0105250e+04   1.1746300e-01  -9.8298000e+01
   5.0105300e+04   1.1666900e-01  -9.8394000e+01
   5.0105350e+04   1.1590600e-01  -9.8472000e+01
   5.0105400e+04   1.1514300e-01  -9.8556000e+01
   5.0105450e+04   1.1441100e-01  -9.8628000e+01
   5.0105500e+04   1.1364800e-01  -9.8712000e+01
   5.0105550e+04   1.1288500e-01  -9.8802000e+01
   5.0105600e+04   1.1215300e-01  -9.8886000e+01
   5.0105650e+04   1.1145100e-01  -9.8964000e+01
   5.0105700e+04   1.1071800e-01  -9.9042000e+01
   5.0105750e+04   1.1001600e-01  -9.9114000e+01
   5.0105800e+04   1.0934500e-01  -9.9180000e+01
   5.0105850e+04   1.0864300e-01  -9.9252000e+01
   5.0105900e+04   1.0797200e-01  -9.9318000e+01
   5.0105950e+04   1.0730000e-01  -9.9396000e+01
   5.0106000e+04   1.0662900e-01  -9.9474000e+01
   5.0106050e+04   1.0595800e-01  -9.9552000e+01
   5.0106100e+04   1.0531700e-01  -9.9618000e+01
   5.0106150e+04   1.0467600e-01  -9.9696000e+01
   5.0106200e+04   1.0403500e-01  -9.9762000e+01
   5.0106250e+04   1.0342500e-01  -9.9834000e+01
   5.0106300e+04   1.0278400e-01  -9.9900000e+01
   5.0106350e+04   1.0220400e-01  -9.9972000e+01
   5.0106400e+04   1.0159300e-01  -1.0005000e+02
   5.0106450e+04   1.0098300e-01  -1.0011000e+02
   5.0106500e+04   1.0040300e-01  -1.0017000e+02
   5.0106550e+04   9.9815800e-02  -1.0024200e+02
   5.0106600e+04   9.9236000e-02  -1.0030200e+02
   5.0106650e+04   9.8656200e-02  -1.0036200e+02
   5.0106700e+04   9.8099200e-02  -1.0043400e+02
   5.0106750e+04   9.7534700e-02  -1.0050000e+02
   5.0106800e+04   9.6970100e-02  -1.0056600e+02
   5.0106850e+04   9.6420800e-02  -1.0062000e+02
   5.0106900e+04   9.5879100e-02  -1.0066800e+02
   5.0106950e+04   9.5337400e-02  -1.0072200e+02
   5.0107000e+04   9.4803300e-02  -1.0075800e+02
   5.0107050e+04   9.4276900e-02  -1.0084200e+02
   5.0107100e+04   9.3742800e-02  -1.0089000e+02
   5.0107150e+04   9.3231700e-02  -1.0095000e+02
   5.0107200e+04   9.2735800e-02  -1.0100400e+02
   5.0107250e+04   9.2224600e-02  -1.0105800e+02
   5.0107300e+04   9.1728700e-02  -1.0110600e+02
   5.0107350e+04   9.1232800e-02  -1.0116600e+02
   5.0107400e+04   9.0736900e-02  -1.0121400e+02
   5.0107450e+04   9.0248600e-02  -1.0128000e+02
   5.0107500e+04   8.9775600e-02  -1.0132800e+02
   5.0107550e+04   8.9294900e-02  -1.0139400e+02
   5.0107600e+04   8.8814300e-02  -1.0143600e+02
   5.0107650e+04   8.8356500e-02  -1.0149000e+02
   5.0107700e+04   8.7891100e-02  -1.0152600e+02
   5.0107750e+04   8.7433300e-02  -1.0157400e+02
   5.0107800e+04   8.6975600e-02  -1.0162800e+02
   5.0107850e+04   8.6525400e-02  -1.0168200e+02
   5.0107900e+04   8.6082900e-02  -1.0173600e+02
   5.0107950e+04   8.5640400e-02  -1.0178400e+02
   5.0108000e+04   8.5213200e-02  -1.0183800e+02
   5.0108050e+04   8.4770700e-02  -1.0188000e+02
   5.0108100e+04   8.4343400e-02  -1.0192200e+02
   5.0108150e+04   8.3923800e-02  -1.0197000e+02
   5.0108200e+04   8.3496600e-02  -1.0201800e+02
   5.0108250e+04   8.3084600e-02  -1.0206600e+02
   5.0108300e+04   8.2687900e-02  -1.0210800e+02
   5.0108350e+04   8.2268200e-02  -1.0215000e+02
   5.0108400e+04   8.1856300e-02  -1.0219800e+02
   5.0108450e+04   8.1444300e-02  -1.0222800e+02
   5.0108500e+04   8.1070400e-02  -1.0226400e+02
   5.0108550e+04   8.0673700e-02  -1.0233000e+02
   5.0108600e+04   8.0284600e-02  -1.0237200e+02
   5.0108650e+04   7.9887900e-02  -1.0240800e+02
   5.0108700e+04   7.9491100e-02  -1.0245000e+02
   5.0108750e+04   7.9117300e-02  -1.0248600e+02
   5.0108800e+04   7.8751100e-02  -1.0252200e+02
   5.0108850e+04   7.8377200e-02  -1.0255200e+02
   5.0108900e+04   7.8011000e-02  -1.0260600e+02
   5.0108950e+04   7.7637200e-02  -1.0266000e+02
   5.0109000e+04   7.7263400e-02  -1.0268400e+02
   5.0109050e+04   7.6912400e-02  -1.0272600e+02
   5.0109100e+04   7.6576700e-02  -1.0276200e+02
   5.0109150e+04   7.6210500e-02  -1.0281000e+02
   5.0109200e+04   7.5836700e-02  -1.0281600e+02
   5.0109250e+04   7.5501000e-02  -1.0284600e+02
   5.0109300e+04   7.5165300e-02  -1.0290600e+02
   5.0109350e+04   7.4821900e-02  -1.0294200e+02
   5.0109400e+04   7.4471000e-02  -1.0298400e+02
   5.0109450e+04   7.4135300e-02  -1.0301400e+02
   5.0109500e+04   7.3799600e-02  -1.0305000e+02
   5.0109550e+04   7.3471500e-02  -1.0308600e+02
   5.0109600e+04   7.3143500e-02  -1.0312200e+02
   5.0109650e+04   7.2807800e-02  -1.0316400e+02
   5.0109700e+04   7.2479700e-02  -1.0319400e+02
   5.0109750e+04   7.2182200e-02  -1.0323000e+02
   5.0109800e+04   7.1869400e-02  -1.0326000e+02
   5.0109850e+04   7.1548900e-02  -1.0330200e+02
   5.0109900e+04   7.1220900e-02  -1.0333800e+02
   5.0109950e+04   7.0915700e-02  -1.0335000e+02
   5.0110000e+04   7.0618200e-02  -1.0337400e+02
   5.0110050e+04   7.0313000e-02  -1.0343400e+02
   5.0110100e+04   6.9992500e-02  -1.0345800e+02
   5.0110150e+04   6.9702600e-02  -1.0347000e+02
   5.0110200e+04   6.9412700e-02  -1.0351200e+02
   5.0110250e+04   6.9130400e-02  -1.0354800e+02
   5.0110300e+04   6.8817600e-02  -1.0357800e+02
   5.0110350e+04   6.8512400e-02  -1.0360200e+02
   5.0110400e+04   6.8230200e-02  -1.0363800e+02
   5.0110450e+04   6.7940200e-02  -1.0366200e+02
   5.0110500e+04   6.7673200e-02  -1.0370400e+02
   5.0110550e+04   6.7383300e-02  -1.0374600e+02
   5.0110600e+04   6.7101000e-02  -1.0376400e+02
   5.0110650e+04   6.6811100e-02  -1.0379400e+02
   5.0110700e+04   6.6544100e-02  -1.0382400e+02
   5.0110750e+04   6.6277000e-02  -1.0384200e+02
   5.0110800e+04   6.6017600e-02  -1.0389600e+02
   5.0110850e+04   6.5750600e-02  -1.0392600e+02
   5.0110900e+04   6.5468300e-02  -1.0395000e+02
   5.0110950e+04   6.5193700e-02  -1.0397400e+02
   5.0111000e+04   6.4934300e-02  -1.0399800e+02
   5.0111050e+04   6.4682500e-02  -1.0402800e+02
   5.0111100e+04   6.4407800e-02  -1.0405200e+02
   5.0111150e+04   6.4156100e-02  -1.0408200e+02
   5.0111200e+04   6.3919500e-02  -1.0411800e+02
   5.0111250e+04   6.3660100e-02  -1.0415400e+02
   5.0111300e+04   6.3400700e-02  -1.0418400e+02
   5.0111350e+04   6.3149000e-02  -1.0420800e+02
   5.0111400e+04   6.2897200e-02  -1.0422600e+02
   5.0111450e+04   6.2660700e-02  -1.0424400e+02
   5.0111500e+04   6.2416300e-02  -1.0428600e+02
   5.0111550e+04   6.2164500e-02  -1.0431600e+02
   5.0111600e+04   6.1920400e-02  -1.0433400e+02
   5.0111650e+04   6.1683900e-02  -1.0435200e+02
   5.0111700e+04   6.1455000e-02  -1.0438200e+02
   5.0111750e+04   6.1210900e-02  -1.0441800e+02
   5.0111800e+04   6.0974400e-02  -1.0441800e+02
   5.0111850e+04   6.0745500e-02  -1.0443600e+02
   5.0111900e+04   6.0524200e-02  -1.0448400e+02
   5.0111950e+04   6.0280100e-02  -1.0451400e+02
   5.0112000e+04   6.0051200e-02  -1.0454400e+02
   5.0112050e+04   5.9814700e-02  -1.0456200e+02
   5.0112100e+04   5.9608700e-02  -1.0458600e+02
   5.0112150e+04   5.9379800e-02  -1.0461000e+02
   5.0112200e+04   5.9158600e-02  -1.0462800e+02
   5.0112250e+04   5.8944900e-02  -1.0465200e+02
   5.0112300e+04   5.8723700e-02  -1.0469400e+02
   5.0112350e+04   5.8502400e-02  -1.0471200e+02
   5.0112400e+04   5.8281200e-02  -1.0473000e+02
   5.0112450e+04   5.8075200e-02  -1.0474800e+02
   5.0112500e+04   5.7869200e-02  -1.0477800e+02
   5.0112550e+04   5.7647900e-02  -1.0480800e+02
   5.0112600e+04   5.7441900e-02  -1.0482000e+02
   5.0112650e+04   5.7236000e-02  -1.0484400e+02
   5.0112700e+04   5.7030000e-02  -1.0486800e+02
   5.0112750e+04   5.6824000e-02  -1.0488600e+02
   5.0112800e+04   5.6618000e-02  -1.0490400e+02
   5.0112850e+04   5.6404400e-02  -1.0492200e+02
   5.0112900e+04   5.6206000e-02  -1.0494000e+02
   5.0112950e+04   5.6015300e-02  -1.0495800e+02
   5.0113000e+04   5.5809300e-02  -1.0498200e+02
   5.0113050e+04   5.5610900e-02  -1.0501800e+02
   5.0113100e+04   5.5412500e-02  -1.0504200e+02
   5.0113150e+04   5.5221800e-02  -1.0506600e+02
   5.0113200e+04   5.5031100e-02  -1.0507800e+02
   5.0113250e+04   5.4832700e-02  -1.0508400e+02
   5.0113300e+04   5.4649600e-02  -1.0510200e+02
   5.0113350e+04   5.4451200e-02  -1.0511400e+02
   5.0113400e+04   5.4260500e-02  -1.0515600e+02
   5.0113450e+04   5.4077400e-02  -1.0516800e+02
   5.0113500e+04   5.3894300e-02  -1.0519200e+02
   5.0113550e+04   5.3711200e-02  -1.0522200e+02
   5.0113600e+04   5.3512800e-02  -1.0522800e+02
   5.0113650e+04   5.3337300e-02  -1.0524600e+02
   5.0113700e+04   5.3154200e-02  -1.0525200e+02
   5.0113750e+04   5.2971100e-02  -1.0528800e+02
   5.0113800e+04   5.2795600e-02  -1.0530000e+02
   5.0113850e+04   5.2604900e-02  -1.0533600e+02
   5.0113900e+04   5.2437100e-02  -1.0536000e+02
   5.0113950e+04   5.2246300e-02  -1.0537200e+02
   5.0114000e+04   5.2078500e-02  -1.0538400e+02
   5.0114050e+04   5.1903000e-02  -1.0539600e+02
   5.0114100e+04   5.1727500e-02  -1.0542000e+02
   5.0114150e+04   5.1552100e-02  -1.0544400e+02
   5.0114200e+04   5.1384200e-02  -1.0546200e+02
   5.0114250e+04   5.1216400e-02  -1.0549200e+02
   5.0114300e+04   5.1048500e-02  -1.0550400e+02
   5.0114350e+04   5.0880700e-02  -1.0552800e+02
   5.0114400e+04   5.0712800e-02  -1.0554600e+02
   5.0114450e+04   5.0545000e-02  -1.0555800e+02
   5.0114500e+04   5.0384800e-02  -1.0558200e+02
   5.0114550e+04   5.0216900e-02  -1.0560000e+02
   5.0114600e+04   5.0064300e-02  -1.0562400e+02
   5.0114650e+04   4.9846900e-02  -1.0561800e+02
   5.0114700e+04   4.9686700e-02  -1.0563600e+02
   5.0114750e+04   4.9518800e-02  -1.0564800e+02
   5.0114800e+04   4.9362400e-02  -1.0565400e+02
   5.0114850e+04   4.9206000e-02  -1.0566600e+02
   5.0114900e+04   4.9045800e-02  -1.0569600e+02
   5.0114950e+04   4.8885600e-02  -1.0571400e+02
   5.0115000e+04   4.8733000e-02  -1.0573800e+02
   5.0115050e+04   4.8580400e-02  -1.0575600e+02
   5.0115100e+04   4.8424000e-02  -1.0577400e+02
   5.0115150e+04   4.8271400e-02  -1.0578000e+02
   5.0115200e+04   4.8122600e-02  -1.0579200e+02
   5.0115250e+04   4.7973900e-02  -1.0581600e+02
   5.0115300e+04   4.7817500e-02  -1.0584000e+02
   5.0115350e+04   4.7664900e-02  -1.0585800e+02
   5.0115400e+04   4.7516100e-02  -1.0587000e+02
   5.0115450e+04   4.7375000e-02  -1.0588200e+02
   5.0115500e+04   4.7226200e-02  -1.0589400e+02
   5.0115550e+04   4.7077400e-02  -1.0591200e+02
   5.0115600e+04   4.6928600e-02  -1.0592400e+02
   5.0115650e+04   4.6783700e-02  -1.0594800e+02
   5.0115700e+04   4.6638700e-02  -1.0596000e+02
   5.0115750e+04   4.6497600e-02  -1.0598400e+02
   5.0115800e+04   4.6356400e-02  -1.0599600e+02
   5.0115850e+04   4.6211500e-02  -1.0601400e+02
   5.0115900e+04   4.6078000e-02  -1.0601400e+02
   5.0115950e+04   4.5929200e-02  -1.0602600e+02
   5.0116000e+04   4.5791900e-02  -1.0605600e+02
   5.0116050e+04   4.5654500e-02  -1.0607400e+02
   5.0116100e+04   4.5521000e-02  -1.0609200e+02
   5.0116150e+04   4.5383700e-02  -1.0609800e+02
   5.0116200e+04   4.5246400e-02  -1.0611000e+02
   5.0116250e+04   4.5105200e-02  -1.0612800e+02
   5.0116300e+04   4.4971700e-02  -1.0612800e+02
   5.0116350e+04   4.4838200e-02  -1.0614600e+02
   5.0116400e+04   4.4708500e-02  -1.0616400e+02
   5.0116450e+04   4.4571200e-02  -1.0618200e+02
   5.0116500e+04   4.4441500e-02  -1.0619400e+02
   5.0116550e+04   4.4307900e-02  -1.0620000e+02
   5.0116600e+04   4.4178200e-02  -1.0621800e+02
   5.0116650e+04   4.4048500e-02  -1.0622400e+02
   5.0116700e+04   4.3918800e-02  -1.0624200e+02
   5.0116750e+04   4.3785300e-02  -1.0627200e+02
   5.0116800e+04   4.3663300e-02  -1.0627800e+02
   5.0116850e+04   4.3537400e-02  -1.0629600e+02
   5.0116900e+04   4.3407700e-02  -1.0630800e+02
   5.0116950e+04   4.3281800e-02  -1.0632000e+02
   5.0117000e+04   4.3155900e-02  -1.0632600e+02
   5.0117050e+04   4.3033800e-02  -1.0634400e+02
   5.0117100e+04   4.2911800e-02  -1.0636200e+02
   5.0117150e+04   4.2782100e-02  -1.0638000e+02
   5.0117200e+04   4.2663800e-02  -1.0639800e+02
   5.0117250e+04   4.2541700e-02  -1.0640400e+02
   5.0117300e+04   4.2419700e-02  -1.0641600e+02
   5.0117350e+04   4.2301400e-02  -1.0642800e+02
   5.0117400e+04   4.2179300e-02  -1.0644000e+02
   5.0117450e+04   4.2057300e-02  -1.0644600e+02
   5.0117500e+04   4.1935200e-02  -1.0647000e+02
   5.0117550e+04   4.1820800e-02  -1.0649400e+02
   5.0117600e+04   4.1706300e-02  -1.0650600e+02
   5.0117650e+04   4.1588100e-02  -1.0651800e+02
   5.0117700e+04   4.1473600e-02  -1.0653600e+02
   5.0117750e+04   4.1355400e-02  -1.0653600e+02
   5.0117800e+04   4.1240900e-02  -1.0654200e+02
   5.0117850e+04   4.1118900e-02  -1.0656600e+02
   5.0117900e+04   4.1008200e-02  -1.0657800e+02
   5.0117950e+04   4.0893800e-02  -1.0659000e+02
   5.0118000e+04   4.0787000e-02  -1.0660800e+02
   5.0118050e+04   4.0664900e-02  -1.0661400e+02
   5.0118100e+04   4.0561900e-02  -1.0662600e+02
   5.0118150e+04   4.0447500e-02  -1.0663200e+02
   5.0118200e+04   4.0340700e-02  -1.0665000e+02
   5.0118250e+04   4.0222400e-02  -1.0666800e+02
   5.0118300e+04   4.0111800e-02  -1.0669200e+02
   5.0118350e+04   4.0005000e-02  -1.0669800e+02
   5.0118400e+04   3.9898200e-02  -1.0670400e+02
   5.0118450e+04   3.9787500e-02  -1.0672200e+02
   5.0118500e+04   3.9684500e-02  -1.0672200e+02
   5.0118550e+04   3.9573900e-02  -1.0674000e+02
   5.0118600e+04   3.9463300e-02  -1.0675800e+02
   5.0118650e+04   3.9356500e-02  -1.0678200e+02
   5.0118700e+04   3.9249700e-02  -1.0678200e+02
   5.0118750e+04   3.9146700e-02  -1.0679400e+02
   5.0118800e+04   3.9047500e-02  -1.0679400e+02
   5.0118850e+04   3.8936900e-02  -1.0680600e+02
   5.0118900e+04   3.8826200e-02  -1.0680600e+02
   5.0118950e+04   3.8730900e-02  -1.0682400e+02
   5.0119000e+04   3.8631700e-02  -1.0684200e+02
   5.0119050e+04   3.8528700e-02  -1.0686000e+02
   5.0119100e+04   3.8421900e-02  -1.0687200e+02
   5.0119150e+04   3.8318900e-02  -1.0687200e+02
   5.0119200e+04   3.8223500e-02  -1.0690200e+02
   5.0119250e+04   3.8120500e-02  -1.0689000e+02
   5.0119300e+04   3.8021300e-02  -1.0688400e+02
   5.0119350e+04   3.7918300e-02  -1.0692000e+02
   5.0119400e+04   3.7819100e-02  -1.0692000e+02
   5.0119450e+04   3.7723800e-02  -1.0692600e+02
   5.0119500e+04   3.7628400e-02  -1.0695600e+02
   5.0119550e+04   3.7525400e-02  -1.0696200e+02
   5.0119600e+04   3.7430000e-02  -1.0696200e+02
   5.0119650e+04   3.7334700e-02  -1.0697400e+02
   5.0119700e+04   3.7239300e-02  -1.0699200e+02
   5.0119750e+04   3.7136300e-02  -1.0701000e+02
   5.0119800e+04   3.7048600e-02  -1.0701600e+02
   5.0119850e+04   3.6953200e-02  -1.0703400e+02
   5.0119900e+04   3.6857800e-02  -1.0704000e+02
   5.0119950e+04   3.6766300e-02  -1.0704600e+02
   5.0120000e+04   3.6674700e-02  -1.0705800e+02
   5.0120050e+04   3.6571700e-02  -1.0705800e+02
   5.0120100e+04   3.6484000e-02  -1.0707600e+02
   5.0120150e+04   3.6388600e-02  -1.0710000e+02
   5.0120200e+04   3.6297100e-02  -1.0710600e+02
   5.0120250e+04   3.6205500e-02  -1.0711200e+02
   5.0120300e+04   3.6117800e-02  -1.0711800e+02
   5.0120350e+04   3.6022400e-02  -1.0712400e+02
   5.0120400e+04   3.5934700e-02  -1.0713000e+02
   5.0120450e+04   3.5843100e-02  -1.0714200e+02
   5.0120500e+04   3.5755400e-02  -1.0716600e+02
   5.0120550e+04   3.5667700e-02  -1.0716600e+02
   5.0120600e+04   3.5576100e-02  -1.0717800e+02
   5.0120650e+04   3.5492200e-02  -1.0719000e+02
   5.0120700e+04   3.5400600e-02  -1.0720200e+02
   5.0120750e+04   3.5312900e-02  -1.0720200e+02
   5.0120800e+04   3.5225200e-02  -1.0721400e+02
   5.0120850e+04   3.5137400e-02  -1.0723800e+02
   5.0120900e+04   3.5053500e-02  -1.0723800e+02
   5.0120950e+04   3.4965800e-02  -1.0724400e+02
   5.0121000e+04   3.4881800e-02  -1.0725000e+02
   5.0121050e+04   3.4794100e-02  -1.0726200e+02
   5.0121100e+04   3.4706400e-02  -1.0726800e+02
   5.0121150e+04   3.4622400e-02  -1.0726800e+02
   5.0121200e+04   3.4538500e-02  -1.0728600e+02
   5.0121250e+04   3.4458400e-02  -1.0729800e+02
   5.0121300e+04   3.4374500e-02  -1.0731000e+02
   5.0121350e+04   3.4290600e-02  -1.0732800e+02
   5.0121400e+04   3.4206600e-02  -1.0733400e+02
   5.0121450e+04   3.4122700e-02  -1.0734000e+02
   5.0121500e+04   3.4038800e-02  -1.0734600e+02
   5.0121550e+04   3.3958700e-02  -1.0736400e+02
   5.0121600e+04   3.3878600e-02  -1.0737600e+02
   5.0121650e+04   3.3794600e-02  -1.0738800e+02
   5.0121700e+04   3.3714500e-02  -1.0738800e+02
   5.0121750e+04   3.3638200e-02  -1.0739400e+02
   5.0121800e+04   3.3558100e-02  -1.0740600e+02
   5.0121850e+04   3.3478000e-02  -1.0740000e+02
   5.0121900e+04   3.3401700e-02  -1.0741200e+02
   5.0121950e+04   3.3317800e-02  -1.0743600e+02
   5.0122000e+04   3.3237700e-02  -1.0744200e+02
   5.0122050e+04   3.3161400e-02  -1.0744800e+02
   5.0122100e+04   3.3081300e-02  -1.0746000e+02
   5.0122150e+04   3.3005000e-02  -1.0746600e+02
   5.0122200e+04   3.2928700e-02  -1.0746600e+02
   5.0122250e+04   3.2848600e-02  -1.0747200e+02
   5.0122300e+04   3.2768500e-02  -1.0748400e+02
   5.0122350e+04   3.2692200e-02  -1.0749600e+02
   5.0122400e+04   3.2615900e-02  -1.0750800e+02
   5.0122450e+04   3.2543400e-02  -1.0751400e+02
   5.0122500e+04   3.2467100e-02  -1.0752600e+02
   5.0122550e+04   3.2390800e-02  -1.0752600e+02
   5.0122600e+04   3.2314500e-02  -1.0752600e+02
   5.0122650e+04   3.2242100e-02  -1.0754400e+02
   5.0122700e+04   3.2165800e-02  -1.0756200e+02
   5.0122750e+04   3.2089500e-02  -1.0756800e+02
   5.0122800e+04   3.2017000e-02  -1.0757400e+02
   5.0122850e+04   3.1948300e-02  -1.0758600e+02
   5.0122900e+04   3.1872000e-02  -1.0759200e+02
   5.0122950e+04   3.1795700e-02  -1.0759800e+02
   5.0123000e+04   3.1727100e-02  -1.0759800e+02
   5.0123050e+04   3.1654600e-02  -1.0762200e+02
   5.0123100e+04   3.1578300e-02  -1.0764000e+02
   5.0123150e+04   3.1505800e-02  -1.0764600e+02
   5.0123200e+04   3.1433300e-02  -1.0765200e+02
   5.0123250e+04   3.1368500e-02  -1.0766400e+02
   5.0123300e+04   3.1292200e-02  -1.0765800e+02
   5.0123350e+04   3.1223400e-02  -1.0766400e+02
   5.0123400e+04   3.1154800e-02  -1.0767000e+02
   5.0123450e+04   3.1078500e-02  -1.0769400e+02
   5.0123500e+04   3.1009800e-02  -1.0768800e+02
   5.0123550e+04   3.0941100e-02  -1.0771200e+02
   5.0123600e+04   3.0872500e-02  -1.0771200e+02
   5.0123650e+04   3.0803800e-02  -1.0772400e+02
   5.0123700e+04   3.0735100e-02  -1.0772400e+02
   5.0123750e+04   3.0666500e-02  -1.0772400e+02
   5.0123800e+04   3.0597800e-02  -1.0774200e+02
   5.0123850e+04   3.0525300e-02  -1.0775400e+02
   5.0123900e+04   3.0460500e-02  -1.0777200e+02
   5.0123950e+04   3.0391800e-02  -1.0777800e+02
   5.0124000e+04   3.0327000e-02  -1.0777800e+02
   5.0124050e+04   3.0262100e-02  -1.0777800e+02
   5.0124100e+04   3.0193400e-02  -1.0777200e+02
   5.0124150e+04   3.0124800e-02  -1.0779000e+02
   5.0124200e+04   3.0059900e-02  -1.0780200e+02
   5.0124250e+04   2.9991300e-02  -1.0781400e+02
   5.0124300e+04   2.9926400e-02  -1.0782600e+02
   5.0124350e+04   2.9861600e-02  -1.0782600e+02
   5.0124400e+04   2.9796700e-02  -1.0784400e+02
   5.0124450e+04   2.9728100e-02  -1.0783800e+02
   5.0124500e+04   2.9663200e-02  -1.0785000e+02
   5.0124550e+04   2.9602200e-02  -1.0786200e+02
   5.0124600e+04   2.9541100e-02  -1.0787400e+02
   5.0124650e+04   2.9472500e-02  -1.0787400e+02
   5.0124700e+04   2.9411400e-02  -1.0788600e+02
   5.0124750e+04   2.9346600e-02  -1.0789200e+02
   5.0124800e+04   2.9285600e-02  -1.0788600e+02
   5.0124850e+04   2.9220700e-02  -1.0789800e+02
   5.0124900e+04   2.9152000e-02  -1.0791000e+02
   5.0124950e+04   2.9094800e-02  -1.0791600e+02
   5.0125000e+04   2.9030000e-02  -1.0792800e+02
   5.0125050e+04   2.8968900e-02  -1.0792200e+02
   5.0125100e+04   2.8907900e-02  -1.0792800e+02
   5.0125150e+04   2.8843000e-02  -1.0794600e+02
   5.0125200e+04   2.8782000e-02  -1.0794000e+02
   5.0125250e+04   2.8721000e-02  -1.0795200e+02
   5.0125300e+04   2.8656100e-02  -1.0796400e+02
   5.0125350e+04   2.8598900e-02  -1.0797600e+02
   5.0125400e+04   2.8537900e-02  -1.0798200e+02
   5.0125450e+04   2.8476800e-02  -1.0797600e+02
   5.0125500e+04   2.8412000e-02  -1.0798200e+02
   5.0125550e+04   2.8358600e-02  -1.0798800e+02
   5.0125600e+04   2.8297500e-02  -1.0798800e+02
   5.0125650e+04   2.8236500e-02  -1.0800600e+02
   5.0125700e+04   2.8175500e-02  -1.0801200e+02
   5.0125750e+04   2.8122100e-02  -1.0801200e+02
   5.0125800e+04   2.8061000e-02  -1.0802400e+02
   5.0125850e+04   2.8000000e-02  -1.0801800e+02
   5.0125900e+04   2.7942800e-02  -1.0803000e+02
   5.0125950e+04   2.7885600e-02  -1.0803000e+02
   5.0126000e+04   2.7832200e-02  -1.0804200e+02
   5.0126050e+04   2.7771100e-02  -1.0806000e+02
   5.0126100e+04   2.7713900e-02  -1.0806000e+02
   5.0126150e+04   2.7652900e-02  -1.0806600e+02
   5.0126200e+04   2.7595600e-02  -1.0806600e+02
   5.0126250e+04   2.7542200e-02  -1.0807800e+02
   5.0126300e+04   2.7481200e-02  -1.0807200e+02
   5.0126350e+04   2.7424000e-02  -1.0807800e+02
   5.0126400e+04   2.7366800e-02  -1.0810200e+02
   5.0126450e+04   2.7309500e-02  -1.0810200e+02
   5.0126500e+04   2.7252300e-02  -1.0811400e+02
   5.0126550e+04   2.7198900e-02  -1.0812000e+02
   5.0126600e+04   2.7145500e-02  -1.0812000e+02
   5.0126650e+04   2.7092100e-02  -1.0812000e+02
   5.0126700e+04   2.7034900e-02  -1.0812600e+02
   5.0126750e+04   2.6973800e-02  -1.0812600e+02
   5.0126800e+04   2.6924300e-02  -1.0814400e+02
   5.0126850e+04   2.6867000e-02  -1.0814400e+02
   5.0126900e+04   2.6813600e-02  -1.0814400e+02
   5.0126950e+04   2.6756400e-02  -1.0813800e+02
   5.0127000e+04   2.6703000e-02  -1.0815600e+02
   5.0127050e+04   2.6649600e-02  -1.0814400e+02
   5.0127100e+04   2.6596200e-02  -1.0814400e+02
   5.0127150e+04   2.6542800e-02  -1.0816800e+02
   5.0127200e+04   2.6485600e-02  -1.0816800e+02
   5.0127250e+04   2.6432200e-02  -1.0816800e+02
   5.0127300e+04   2.6382600e-02  -1.0818000e+02
   5.0127350e+04   2.6325300e-02  -1.0818600e+02
   5.0127400e+04   2.6275800e-02  -1.0819200e+02
   5.0127450e+04   2.6222300e-02  -1.0819800e+02
   5.0127500e+04   2.6168900e-02  -1.0820400e+02
   5.0127550e+04   2.6115500e-02  -1.0821600e+02
   5.0127600e+04   2.6065900e-02  -1.0821000e+02
   5.0127650e+04   2.6016400e-02  -1.0821000e+02
   5.0127700e+04   2.5962900e-02  -1.0821000e+02
   5.0127750e+04   2.5909500e-02  -1.0821600e+02
   5.0127800e+04   2.5856100e-02  -1.0822800e+02
   5.0127850e+04   2.5806500e-02  -1.0822800e+02
   5.0127900e+04   2.5753100e-02  -1.0824600e+02
   5.0127950e+04   2.5703500e-02  -1.0825800e+02
   5.0128000e+04   2.5657800e-02  -1.0826400e+02
   5.0128050e+04   2.5600600e-02  -1.0826400e+02
   5.0128100e+04   2.5551000e-02  -1.0826400e+02
   5.0128150e+04   2.5505200e-02  -1.0827000e+02
   5.0128200e+04   2.5455600e-02  -1.0828800e+02
   5.0128250e+04   2.5402200e-02  -1.0829400e+02
   5.0128300e+04   2.5356400e-02  -1.0830000e+02
   5.0128350e+04   2.5306800e-02  -1.0830600e+02
   5.0128400e+04   2.5249600e-02  -1.0830000e+02
   5.0128450e+04   2.5203800e-02  -1.0831800e+02
   5.0128500e+04   2.5154200e-02  -1.0831200e+02
   5.0128550e+04   2.5112300e-02  -1.0831200e+02
   5.0128600e+04   2.5058900e-02  -1.0833600e+02
   5.0128650e+04   2.5013100e-02  -1.0833000e+02
   5.0128700e+04   2.4967300e-02  -1.0834800e+02
   5.0128750e+04   2.4915800e-02  -1.0834800e+02
   5.0128800e+04   2.4864300e-02  -1.0834200e+02
   5.0128850e+04   2.4818500e-02  -1.0835400e+02
   5.0128900e+04   2.4768900e-02  -1.0835400e+02
   5.0128950e+04   2.4721300e-02  -1.0836000e+02
   5.0129000e+04   2.4677400e-02  -1.0837800e+02
   5.0129050e+04   2.4624000e-02  -1.0838400e+02
   5.0129100e+04   2.4582000e-02  -1.0839000e+02
   5.0129150e+04   2.4532400e-02  -1.0839000e+02
   5.0129200e+04   2.4486700e-02  -1.0840200e+02
   5.0129250e+04   2.4440900e-02  -1.0838400e+02
   5.0129300e+04   2.4391300e-02  -1.0839000e+02
   5.0129350e+04   2.4345500e-02  -1.0840800e+02
   5.0129400e+04   2.4299700e-02  -1.0840800e+02
   5.0129450e+04   2.4252100e-02  -1.0842000e+02
   5.0129500e+04   2.4206300e-02  -1.0842000e+02
   5.0129550e+04   2.4160500e-02  -1.0842600e+02
   5.0129600e+04   2.4120500e-02  -1.0842600e+02
   5.0129650e+04   2.4069000e-02  -1.0842600e+02
   5.0129700e+04   2.4027000e-02  -1.0844400e+02
   5.0129750e+04   2.3981200e-02  -1.0845000e+02
   5.0129800e+04   2.3937300e-02  -1.0845000e+02
   5.0129850e+04   2.3889700e-02  -1.0846200e+02
   5.0129900e+04   2.3845800e-02  -1.0846200e+02
   5.0129950e+04   2.3800000e-02  -1.0847400e+02
   5.0130000e+04   2.3754200e-02  -1.0845000e+02
   5.0130050e+04   2.3710400e-02  -1.0846200e+02
   5.0130100e+04   2.3666500e-02  -1.0848000e+02
   5.0130150e+04   2.3622600e-02  -1.0847400e+02
   5.0130200e+04   2.3578800e-02  -1.0848600e+02
   5.0130250e+04   2.3536800e-02  -1.0848600e+02
   5.0130300e+04   2.3491000e-02  -1.0848600e+02
   5.0130350e+04   2.3449100e-02  -1.0848600e+02
   5.0130400e+04   2.3403300e-02  -1.0849200e+02
   5.0130450e+04   2.3361300e-02  -1.0851000e+02
   5.0130500e+04   2.3317500e-02  -1.0851600e+02
   5.0130550e+04   2.3277400e-02  -1.0852200e+02
   5.0130600e+04   2.3233500e-02  -1.0852200e+02
   5.0130650e+04   2.3189700e-02  -1.0852200e+02
   5.0130700e+04   2.3145800e-02  -1.0853400e+02
   5.0130750e+04   2.3103800e-02  -1.0852800e+02
   5.0130800e+04   2.3061900e-02  -1.0852800e+02
   5.0130850e+04   2.3021800e-02  -1.0855200e+02
   5.0130900e+04   2.2977900e-02  -1.0855200e+02
   5.0130950e+04   2.2934100e-02  -1.0854600e+02
   5.0131000e+04   2.2894000e-02  -1.0856400e+02
   5.0131050e+04   2.2852100e-02  -1.0856400e+02
   5.0131100e+04   2.2810100e-02  -1.0856400e+02
   5.0131150e+04   2.2764300e-02  -1.0857000e+02
   5.0131200e+04   2.2726200e-02  -1.0858800e+02
   5.0131250e+04   2.2682300e-02  -1.0858200e+02
   5.0131300e+04   2.2644200e-02  -1.0859400e+02
   5.0131350e+04   2.2604100e-02  -1.0858800e+02
   5.0131400e+04   2.2562100e-02  -1.0859400e+02
   5.0131450e+04   2.2520200e-02  -1.0860600e+02
   5.0131500e+04   2.2480100e-02  -1.0860600e+02
   5.0131550e+04   2.2438200e-02  -1.0861200e+02
   5.0131600e+04   2.2400000e-02  -1.0861800e+02
   5.0131650e+04   2.2358100e-02  -1.0861800e+02
   5.0131700e+04   2.2314200e-02  -1.0862400e+02
   5.0131750e+04   2.2278000e-02  -1.0862400e+02
   5.0131800e+04   2.2236000e-02  -1.0863000e+02
   5.0131850e+04   2.2194000e-02  -1.0863000e+02
   5.0131900e+04   2.2155900e-02  -1.0863600e+02
   5.0131950e+04   2.2115800e-02  -1.0864800e+02
   5.0132000e+04   2.2077700e-02  -1.0865400e+02
   5.0132050e+04   2.2037600e-02  -1.0864800e+02
   5.0132100e+04   2.1997600e-02  -1.0865400e+02
   5.0132150e+04   2.1961300e-02  -1.0866000e+02
   5.0132200e+04   2.1917500e-02  -1.0865400e+02
   5.0132250e+04   2.1879300e-02  -1.0866000e+02
   5.0132300e+04   2.1839300e-02  -1.0867800e+02
   5.0132350e+04   2.1803000e-02  -1.0867800e+02
   5.0132400e+04   2.1768700e-02  -1.0869000e+02
   5.0132450e+04   2.1724800e-02  -1.0868400e+02
   5.0132500e+04   2.1690500e-02  -1.0868400e+02
   5.0132550e+04   2.1652300e-02  -1.0869000e+02
   5.0132600e+04   2.1612300e-02  -1.0869000e+02
   5.0132650e+04   2.1574100e-02  -1.0869600e+02
   5.0132700e+04   2.1534100e-02  -1.0871400e+02
   5.0132750e+04   2.1495900e-02  -1.0871400e+02
   5.0132800e+04   2.1461600e-02  -1.0872600e+02
   5.0132850e+04   2.1421600e-02  -1.0872600e+02
   5.0132900e+04   2.1381500e-02  -1.0873200e+02
   5.0132950e+04   2.1345300e-02  -1.0871400e+02
   5.0133000e+04   2.1307100e-02  -1.0873200e+02
   5.0133050e+04   2.1270900e-02  -1.0875000e+02
   5.0133100e+04   2.1230800e-02  -1.0873200e+02
   5.0133150e+04   2.1194600e-02  -1.0875000e+02
   5.0133200e+04   2.1162200e-02  -1.0875000e+02
   5.0133250e+04   2.1125900e-02  -1.0875600e+02
   5.0133300e+04   2.1085900e-02  -1.0875000e+02
   5.0133350e+04   2.1049600e-02  -1.0875600e+02
   5.0133400e+04   2.1015300e-02  -1.0876800e+02
   5.0133450e+04   2.0979000e-02  -1.0877400e+02
   5.0133500e+04   2.0940900e-02  -1.0877400e+02
   5.0133550e+04   2.0904700e-02  -1.0878000e+02
   5.0133600e+04   2.0870300e-02  -1.0878000e+02
   5.0133650e+04   2.0830300e-02  -1.0877400e+02
   5.0133700e+04   2.0795900e-02  -1.0876800e+02
   5.0133750e+04   2.0757800e-02  -1.0878000e+02
   5.0133800e+04   2.0725400e-02  -1.0880400e+02
   5.0133850e+04   2.0687200e-02  -1.0880400e+02
   5.0133900e+04   2.0651000e-02  -1.0881600e+02
   5.0133950e+04   2.0618600e-02  -1.0881600e+02
   5.0134000e+04   2.0584200e-02  -1.0882200e+02
   5.0134050e+04   2.0549900e-02  -1.0882800e+02
   5.0134100e+04   2.0511700e-02  -1.0882200e+02
   5.0134150e+04   2.0477400e-02  -1.0883400e+02
   5.0134200e+04   2.0441200e-02  -1.0884600e+02
   5.0134250e+04   2.0410700e-02  -1.0884600e+02
   5.0134300e+04   2.0372500e-02  -1.0884600e+02
   5.0134350e+04   2.0338200e-02  -1.0884600e+02
   5.0134400e+04   2.0307700e-02  -1.0884600e+02
   5.0134450e+04   2.0269500e-02  -1.0884600e+02
   5.0134500e+04   2.0237100e-02  -1.0885800e+02
   5.0134550e+04   2.0200800e-02  -1.0886400e+02
   5.0134600e+04   2.0166500e-02  -1.0887600e+02
   5.0134650e+04   2.0136000e-02  -1.0887000e+02
   5.0134700e+04   2.0101700e-02  -1.0888200e+02
   5.0134750e+04   2.0065400e-02  -1.0888200e+02
   5.0134800e+04   2.0031100e-02  -1.0888200e+02
   5.0134850e+04   1.9996800e-02  -1.0888800e+02
   5.0134900e+04   1.9966200e-02  -1.0891200e+02
   5.0134950e+04   1.9931900e-02  -1.0891200e+02
   5.0135000e+04   1.9897600e-02  -1.0891200e+02
   5.0135050e+04   1.9863200e-02  -1.0891800e+02
   5.0135100e+04   1.9830800e-02  -1.0891800e+02
   5.0135150e+04   1.9798400e-02  -1.0891200e+02
   5.0135200e+04   1.9764100e-02  -1.0890600e+02
   5.0135250e+04   1.9731600e-02  -1.0891800e+02
   5.0135300e+04   1.9699200e-02  -1.0893000e+02
   5.0135350e+04   1.9666800e-02  -1.0893600e+02
   5.0135400e+04   1.9632500e-02  -1.0894800e+02
   5.0135450e+04   1.9598100e-02  -1.0894200e+02
   5.0135500e+04   1.9567600e-02  -1.0894800e+02
   5.0135550e+04   1.9535200e-02  -1.0894800e+02
   5.0135600e+04   1.9500900e-02  -1.0895400e+02
   5.0135650e+04   1.9470300e-02  -1.0896000e+02
   5.0135700e+04   1.9436000e-02  -1.0897200e+02
   5.0135750e+04   1.9405500e-02  -1.0896600e+02
   5.0135800e+04   1.9373100e-02  -1.0897200e+02
   5.0135850e+04   1.9342500e-02  -1.0896600e+02
   5.0135900e+04   1.9308200e-02  -1.0896600e+02
   5.0135950e+04   1.9277700e-02  -1.0896600e+02
   5.0136000e+04   1.9247200e-02  -1.0897200e+02
   5.0136050e+04   1.9212800e-02  -1.0898400e+02
   5.0136100e+04   1.9182300e-02  -1.0900200e+02
   5.0136150e+04   1.9153700e-02  -1.0899000e+02
   5.0136200e+04   1.9117500e-02  -1.0899600e+02
   5.0136250e+04   1.9090800e-02  -1.0899600e+02
   5.0136300e+04   1.9058300e-02  -1.0899000e+02
   5.0136350e+04   1.9027800e-02  -1.0899600e+02
   5.0136400e+04   1.8995400e-02  -1.0900800e+02
   5.0136450e+04   1.8963000e-02  -1.0902000e+02
   5.0136500e+04   1.8932500e-02  -1.0902600e+02
   5.0136550e+04   1.8901900e-02  -1.0903800e+02
   5.0136600e+04   1.8873300e-02  -1.0904400e+02
   5.0136650e+04   1.8840900e-02  -1.0903200e+02
   5.0136700e+04   1.8812300e-02  -1.0903800e+02
   5.0136750e+04   1.8781800e-02  -1.0905600e+02
   5.0136800e+04   1.8751300e-02  -1.0905000e+02
   5.0136850e+04   1.8722700e-02  -1.0905600e+02
   5.0136900e+04   1.8690200e-02  -1.0906800e+02
   5.0136950e+04   1.8659700e-02  -1.0907400e+02
   5.0137000e+04   1.8631100e-02  -1.0905600e+02
   5.0137050e+04   1.8596800e-02  -1.0906800e+02
   5.0137100e+04   1.8570100e-02  -1.0907400e+02
   5.0137150e+04   1.8537600e-02  -1.0909200e+02
   5.0137200e+04   1.8505200e-02  -1.0910400e+02
   5.0137250e+04   1.8470900e-02  -1.0911000e+02
   5.0137300e+04   1.8444200e-02  -1.0912200e+02
   5.0137350e+04   1.8415600e-02  -1.0912200e+02
   5.0137400e+04   1.8385100e-02  -1.0912200e+02
   5.0137450e+04   1.8354500e-02  -1.0912800e+02
   5.0137500e+04   1.8325900e-02  -1.0913400e+02
   5.0137550e+04   1.8299200e-02  -1.0913400e+02
   5.0137600e+04   1.8270600e-02  -1.0914000e+02
   5.0137650e+04   1.8240100e-02  -1.0913400e+02
   5.0137700e+04   1.8207700e-02  -1.0914000e+02
   5.0137750e+04   1.8181000e-02  -1.0913400e+02
   5.0137800e+04   1.8152400e-02  -1.0914000e+02
   5.0137850e+04   1.8121800e-02  -1.0915200e+02
   5.0137900e+04   1.8095100e-02  -1.0916400e+02
   5.0137950e+04   1.8064600e-02  -1.0917000e+02
   5.0138000e+04   1.8036000e-02  -1.0915800e+02
   5.0138050e+04   1.8009300e-02  -1.0915800e+02
   5.0138100e+04   1.7980700e-02  -1.0916400e+02
   5.0138150e+04   1.7950200e-02  -1.0915800e+02
   5.0138200e+04   1.7921600e-02  -1.0917000e+02
   5.0138250e+04   1.7894900e-02  -1.0918200e+02
   5.0138300e+04   1.7868200e-02  -1.0918800e+02
   5.0138350e+04   1.7839600e-02  -1.0918800e+02
   5.0138400e+04   1.7812800e-02  -1.0918800e+02
   5.0138450e+04   1.7784200e-02  -1.0918800e+02
   5.0138500e+04   1.7755600e-02  -1.0918800e+02
   5.0138550e+04   1.7725100e-02  -1.0919400e+02
   5.0138600e+04   1.7698400e-02  -1.0920000e+02
   5.0138650e+04   1.7671700e-02  -1.0921800e+02
   5.0138700e+04   1.7645000e-02  -1.0921800e+02
   5.0138750e+04   1.7614500e-02  -1.0921800e+02
   5.0138800e+04   1.7587800e-02  -1.0921800e+02
   5.0138850e+04   1.7561100e-02  -1.0920600e+02
   5.0138900e+04   1.7534400e-02  -1.0921200e+02
   5.0138950e+04   1.7505800e-02  -1.0923000e+02
   5.0139000e+04   1.7481000e-02  -1.0923600e+02
   5.0139050e+04   1.7452400e-02  -1.0924200e+02
   5.0139100e+04   1.7425700e-02  -1.0921800e+02
   5.0139150e+04   1.7397000e-02  -1.0924200e+02
   5.0139200e+04   1.7372300e-02  -1.0922400e+02
   5.0139250e+04   1.7343600e-02  -1.0921200e+02
   5.0139300e+04   1.7318800e-02  -1.0923000e+02
   5.0139350e+04   1.7290200e-02  -1.0924800e+02
   5.0139400e+04   1.7265400e-02  -1.0924800e+02
   5.0139450e+04   1.7234900e-02  -1.0924800e+02
   5.0139500e+04   1.7210100e-02  -1.0924200e+02
   5.0139550e+04   1.7185300e-02  -1.0924200e+02
   5.0139600e+04   1.7156700e-02  -1.0923000e+02
   5.0139650e+04   1.7128100e-02  -1.0924800e+02
   5.0139700e+04   1.7107100e-02  -1.0926000e+02
   5.0139750e+04   1.7076600e-02  -1.0926000e+02
   5.0139800e+04   1.7051800e-02  -1.0927200e+02
   5.0139850e+04   1.7027000e-02  -1.0927200e+02
   5.0139900e+04   1.7000300e-02  -1.0926600e+02
   5.0139950e+04   1.6971700e-02  -1.0926000e+02
   5.0140000e+04   1.6948800e-02  -1.0926000e+02
   5.0140050e+04   1.6922100e-02  -1.0928400e+02
   5.0140100e+04   1.6897300e-02  -1.0927200e+02
   5.0140150e+04   1.6872500e-02  -1.0927200e+02
   5.0140200e+04   1.6847700e-02  -1.0927800e+02
   5.0140250e+04   1.6821000e-02  -1.0928400e+02
   5.0140300e+04   1.6794300e-02  -1.0928400e+02
   5.0140350e+04   1.6767600e-02  -1.0927800e+02
   5.0140400e+04   1.6740900e-02  -1.0928400e+02
   5.0140450e+04   1.6716100e-02  -1.0929600e+02
   5.0140500e+04   1.6691300e-02  -1.0930200e+02
   5.0140550e+04   1.6666500e-02  -1.0930200e+02
   5.0140600e+04   1.6639800e-02  -1.0930200e+02
   5.0140650e+04   1.6616900e-02  -1.0930200e+02
   5.0140700e+04   1.6590200e-02  -1.0930200e+02
   5.0140750e+04   1.6565400e-02  -1.0930800e+02
   5.0140800e+04   1.6542600e-02  -1.0933200e+02
   5.0140850e+04   1.6515900e-02  -1.0933200e+02
   5.0140900e+04   1.6491100e-02  -1.0932600e+02
   5.0140950e+04   1.6466300e-02  -1.0933200e+02
   5.0141000e+04   1.6441500e-02  -1.0932600e+02
   5.0141050e+04   1.6416700e-02  -1.0932000e+02
   5.0141100e+04   1.6391900e-02  -1.0932000e+02
   5.0141150e+04   1.6367100e-02  -1.0933800e+02
   5.0141200e+04   1.6346100e-02  -1.0934400e+02
   5.0141250e+04   1.6319400e-02  -1.0934400e+02
   5.0141300e+04   1.6294600e-02  -1.0935000e+02
   5.0141350e+04   1.6269800e-02  -1.0933800e+02
   5.0141400e+04   1.6246900e-02  -1.0935000e+02
   5.0141450e+04   1.6220200e-02  -1.0934400e+02
   5.0141500e+04   1.6197300e-02  -1.0935000e+02
   5.0141550e+04   1.6172500e-02  -1.0936200e+02
   5.0141600e+04   1.6149600e-02  -1.0935600e+02
   5.0141650e+04   1.6122900e-02  -1.0936200e+02
   5.0141700e+04   1.6100000e-02  -1.0936200e+02
   5.0141750e+04   1.6077200e-02  -1.0935600e+02
   5.0141800e+04   1.6054300e-02  -1.0934400e+02
   5.0141850e+04   1.6029500e-02  -1.0935600e+02
   5.0141900e+04   1.6004700e-02  -1.0936800e+02
   5.0141950e+04   1.5979900e-02  -1.0937400e+02
   5.0142000e+04   1.5958900e-02  -1.0938000e+02
   5.0142050e+04   1.5934100e-02  -1.0937400e+02
   5.0142100e+04   1.5909300e-02  -1.0938600e+02
   5.0142150e+04   1.5888300e-02  -1.0937400e+02
   5.0142200e+04   1.5863500e-02  -1.0936200e+02
   5.0142250e+04   1.5842600e-02  -1.0937400e+02
   5.0142300e+04   1.5817800e-02  -1.0937400e+02
   5.0142350e+04   1.5794900e-02  -1.0939200e+02
   5.0142400e+04   1.5772000e-02  -1.0938000e+02
   5.0142450e+04   1.5747200e-02  -1.0939200e+02
   5.0142500e+04   1.5724300e-02  -1.0938600e+02
   5.0142550e+04   1.5701400e-02  -1.0938000e+02
   5.0142600e+04   1.5676600e-02  -1.0939200e+02
   5.0142650e+04   1.5657500e-02  -1.0940400e+02
   5.0142700e+04   1.5630800e-02  -1.0941000e+02
   5.0142750e+04   1.5607900e-02  -1.0941600e+02
   5.0142800e+04   1.5586900e-02  -1.0942200e+02
   5.0142850e+04   1.5564000e-02  -1.0941600e+02
   5.0142900e+04   1.5539200e-02  -1.0941000e+02
   5.0142950e+04   1.5516300e-02  -1.0941600e+02
   5.0143000e+04   1.5495400e-02  -1.0942800e+02
   5.0143050e+04   1.5472500e-02  -1.0942800e+02
   5.0143100e+04   1.5449600e-02  -1.0943400e+02
   5.0143150e+04   1.5428600e-02  -1.0942800e+02
   5.0143200e+04   1.5407600e-02  -1.0942200e+02
   5.0143250e+04   1.5380900e-02  -1.0942800e+02
   5.0143300e+04   1.5359900e-02  -1.0942200e+02
   5.0143350e+04   1.5339000e-02  -1.0944000e+02
   5.0143400e+04   1.5316100e-02  -1.0944600e+02
   5.0143450e+04   1.5295100e-02  -1.0945800e+02
   5.0143500e+04   1.5272200e-02  -1.0946400e+02
   5.0143550e+04   1.5249300e-02  -1.0945800e+02
   5.0143600e+04   1.5228300e-02  -1.0945800e+02
   5.0143650e+04   1.5205400e-02  -1.0945200e+02
   5.0143700e+04   1.5184500e-02  -1.0945800e+02
   5.0143750e+04   1.5159700e-02  -1.0946400e+02
   5.0143800e+04   1.5140600e-02  -1.0947600e+02
   5.0143850e+04   1.5117700e-02  -1.0947000e+02
   5.0143900e+04   1.5094800e-02  -1.0947600e+02
   5.0143950e+04   1.5075700e-02  -1.0947000e+02
   5.0144000e+04   1.5052900e-02  -1.0946400e+02
   5.0144050e+04   1.5030000e-02  -1.0946400e+02
   5.0144100e+04   1.5010900e-02  -1.0948200e+02
   5.0144150e+04   1.4989900e-02  -1.0948200e+02
   5.0144200e+04   1.4965100e-02  -1.0948200e+02
   5.0144250e+04   1.4944100e-02  -1.0949400e+02
   5.0144300e+04   1.4923200e-02  -1.0949400e+02
   5.0144350e+04   1.4904100e-02  -1.0948800e+02
   5.0144400e+04   1.4881200e-02  -1.0949400e+02
   5.0144450e+04   1.4860200e-02  -1.0951200e+02
   5.0144500e+04   1.4841100e-02  -1.0951800e+02
   5.0144550e+04   1.4818300e-02  -1.0951200e+02
   5.0144600e+04   1.4797300e-02  -1.0950000e+02
   5.0144650e+04   1.4776300e-02  -1.0950000e+02
   5.0144700e+04   1.4751500e-02  -1.0951200e+02
   5.0144750e+04   1.4734300e-02  -1.0950000e+02
   5.0144800e+04   1.4713300e-02  -1.0950000e+02
   5.0144850e+04   1.4692400e-02  -1.0950600e+02
   5.0144900e+04   1.4669500e-02  -1.0950600e+02
   5.0144950e+04   1.4650400e-02  -1.0951200e+02
   5.0145000e+04   1.4631300e-02  -1.0950600e+02
   5.0145050e+04   1.4608400e-02  -1.0950600e+02
   5.0145100e+04   1.4589400e-02  -1.0950000e+02
   5.0145150e+04   1.4568400e-02  -1.0950600e+02
   5.0145200e+04   1.4549300e-02  -1.0951800e+02
   5.0145250e+04   1.4524500e-02  -1.0951200e+02
   5.0145300e+04   1.4507400e-02  -1.0950000e+02
   5.0145350e+04   1.4484500e-02  -1.0950000e+02
   5.0145400e+04   1.4465400e-02  -1.0950600e+02
   5.0145450e+04   1.4444400e-02  -1.0951200e+02
   5.0145500e+04   1.4425300e-02  -1.0950600e+02
   5.0145550e+04   1.4404400e-02  -1.0951200e+02
   5.0145600e+04   1.4385300e-02  -1.0953600e+02
   5.0145650e+04   1.4364300e-02  -1.0953000e+02
   5.0145700e+04   1.4343300e-02  -1.0953600e+02
   5.0145750e+04   1.4326200e-02  -1.0953600e+02
   5.0145800e+04   1.4303300e-02  -1.0953600e+02
   5.0145850e+04   1.4284200e-02  -1.0952400e+02
   5.0145900e+04   1.4263200e-02  -1.0952400e+02
   5.0145950e+04   1.4244100e-02  -1.0953600e+02
   5.0146000e+04   1.4225100e-02  -1.0954200e+02
   5.0146050e+04   1.4206000e-02  -1.0953000e+02
   5.0146100e+04   1.4185000e-02  -1.0953600e+02
   5.0146150e+04   1.4165900e-02  -1.0954200e+02
   5.0146200e+04   1.4143000e-02  -1.0953000e+02
   5.0146250e+04   1.4125900e-02  -1.0953600e+02
   5.0146300e+04   1.4104900e-02  -1.0955400e+02
   5.0146350e+04   1.4085800e-02  -1.0955400e+02
   5.0146400e+04   1.4066800e-02  -1.0956000e+02
   5.0146450e+04   1.4047700e-02  -1.0955400e+02
   5.0146500e+04   1.4028600e-02  -1.0956000e+02
   5.0146550e+04   1.4007600e-02  -1.0956000e+02
   5.0146600e+04   1.3988600e-02  -1.0955400e+02
   5.0146650e+04   1.3969500e-02  -1.0956000e+02
   5.0146700e+04   1.3950400e-02  -1.0956000e+02
   5.0146750e+04   1.3929400e-02  -1.0955400e+02
   5.0146800e+04   1.3912300e-02  -1.0955400e+02
   5.0146850e+04   1.3891300e-02  -1.0956000e+02
   5.0146900e+04   1.3874100e-02  -1.0955400e+02
   5.0146950e+04   1.3853100e-02  -1.0954200e+02
   5.0147000e+04   1.3836000e-02  -1.0954200e+02
   5.0147050e+04   1.3816900e-02  -1.0956000e+02
   5.0147100e+04   1.3797800e-02  -1.0955400e+02
   5.0147150e+04   1.3776800e-02  -1.0956600e+02
   5.0147200e+04   1.3759700e-02  -1.0956600e+02
   5.0147250e+04   1.3740600e-02  -1.0957200e+02
   5.0147300e+04   1.3721500e-02  -1.0955400e+02
   5.0147350e+04   1.3704400e-02  -1.0956000e+02
   5.0147400e+04   1.3683400e-02  -1.0957800e+02
   5.0147450e+04   1.3664300e-02  -1.0957200e+02
   5.0147500e+04   1.3647100e-02  -1.0957800e+02
   5.0147550e+04   1.3628100e-02  -1.0957800e+02
   5.0147600e+04   1.3609000e-02  -1.0958400e+02
   5.0147650e+04   1.3591800e-02  -1.0958400e+02
   5.0147700e+04   1.3572800e-02  -1.0957800e+02
   5.0147750e+04   1.3553700e-02  -1.0958400e+02
   5.0147800e+04   1.3532700e-02  -1.0959600e+02
   5.0147850e+04   1.3515500e-02  -1.0959000e+02
   5.0147900e+04   1.3496500e-02  -1.0960200e+02
   5.0147950e+04   1.3481200e-02  -1.0959600e+02
   5.0148000e+04   1.3462100e-02  -1.0960200e+02
   5.0148050e+04   1.3441100e-02  -1.0959600e+02
   5.0148100e+04   1.3425900e-02  -1.0959600e+02
   5.0148150e+04   1.3408700e-02  -1.0960800e+02
   5.0148200e+04   1.3387700e-02  -1.0961400e+02
   5.0148250e+04   1.3368700e-02  -1.0961400e+02
   5.0148300e+04   1.3351500e-02  -1.0961400e+02
   5.0148350e+04   1.3334300e-02  -1.0962000e+02
   5.0148400e+04   1.3317200e-02  -1.0961400e+02
   5.0148450e+04   1.3298100e-02  -1.0960800e+02
   5.0148500e+04   1.3280900e-02  -1.0962000e+02
   5.0148550e+04   1.3261900e-02  -1.0962000e+02
   5.0148600e+04   1.3244700e-02  -1.0962600e+02
   5.0148650e+04   1.3227500e-02  -1.0962600e+02
   5.0148700e+04   1.3208400e-02  -1.0962000e+02
   5.0148750e+04   1.3189400e-02  -1.0961400e+02
   5.0148800e+04   1.3174100e-02  -1.0960800e+02
   5.0148850e+04   1.3153100e-02  -1.0962000e+02
   5.0148900e+04   1.3137900e-02  -1.0964400e+02
   5.0148950e+04   1.3122600e-02  -1.0963800e+02
   5.0149000e+04   1.3101600e-02  -1.0963800e+02
   5.0149050e+04   1.3084500e-02  -1.0963800e+02
   5.0149100e+04   1.3067300e-02  -1.0963800e+02
   5.0149150e+04   1.3048200e-02  -1.0962600e+02
   5.0149200e+04   1.3033000e-02  -1.0963800e+02
   5.0149250e+04   1.3015800e-02  -1.0965000e+02
   5.0149300e+04   1.2996700e-02  -1.0966200e+02
   5.0149350e+04   1.2977700e-02  -1.0966800e+02
   5.0149400e+04   1.2962400e-02  -1.0966200e+02
   5.0149450e+04   1.2945200e-02  -1.0966200e+02
   5.0149500e+04   1.2926200e-02  -1.0966200e+02
   5.0149550e+04   1.2910900e-02  -1.0965600e+02
   5.0149600e+04   1.2895600e-02  -1.0967400e+02
   5.0149650e+04   1.2872800e-02  -1.0968000e+02
   5.0149700e+04   1.2859400e-02  -1.0966800e+02
   5.0149750e+04   1.2842200e-02  -1.0967400e+02
   5.0149800e+04   1.2825100e-02  -1.0966800e+02
   5.0149850e+04   1.2806000e-02  -1.0966800e+02
   5.0149900e+04   1.2790700e-02  -1.0964400e+02
   5.0149950e+04   1.2773600e-02  -1.0965600e+02
   5.0150000e+04   1.2756400e-02  -1.0966200e+02
   5.0150050e+04   1.2741100e-02  -1.0966800e+02
   5.0150100e+04   1.2722100e-02  -1.0966200e+02
   5.0150150e+04   1.2706800e-02  -1.0966800e+02
   5.0150200e+04   1.2687700e-02  -1.0966800e+02
   5.0150250e+04   1.2672500e-02  -1.0966200e+02
   5.0150300e+04   1.2655300e-02  -1.0966800e+02
   5.0150350e+04   1.2638200e-02  -1.0968600e+02
   5.0150400e+04   1.2622900e-02  -1.0968000e+02
   5.0150450e+04   1.2605700e-02  -1.0968000e+02
   5.0150500e+04   1.2588600e-02  -1.0968000e+02
   5.0150550e+04   1.2571400e-02  -1.0968600e+02
   5.0150600e+04   1.2556100e-02  -1.0966800e+02
   5.0150650e+04   1.2539000e-02  -1.0967400e+02
   5.0150700e+04   1.2521800e-02  -1.0969200e+02
   5.0150750e+04   1.2506500e-02  -1.0968600e+02
   5.0150800e+04   1.2489400e-02  -1.0969200e+02
   5.0150850e+04   1.2474100e-02  -1.0969800e+02
   5.0150900e+04   1.2458900e-02  -1.0969800e+02
   5.0150950e+04   1.2439800e-02  -1.0969800e+02
   5.0151000e+04   1.2424500e-02  -1.0969200e+02
   5.0151050e+04   1.2409300e-02  -1.0969800e+02
   5.0151100e+04   1.2392100e-02  -1.0971600e+02
   5.0151150e+04   1.2374900e-02  -1.0970400e+02
   5.0151200e+04   1.2359700e-02  -1.0971600e+02
   5.0151250e+04   1.2344400e-02  -1.0971600e+02
   5.0151300e+04   1.2327300e-02  -1.0971000e+02
   5.0151350e+04   1.2310100e-02  -1.0971600e+02
   5.0151400e+04   1.2294800e-02  -1.0970400e+02
   5.0151450e+04   1.2279600e-02  -1.0971600e+02
   5.0151500e+04   1.2264300e-02  -1.0972800e+02
   5.0151550e+04   1.2247100e-02  -1.0972800e+02
   5.0151600e+04   1.2230000e-02  -1.0974000e+02
   5.0151650e+04   1.2214700e-02  -1.0974000e+02
   5.0151700e+04   1.2199500e-02  -1.0973400e+02
   5.0151750e+04   1.2184200e-02  -1.0974000e+02
   5.0151800e+04   1.2167000e-02  -1.0974000e+02
   5.0151850e+04   1.2153700e-02  -1.0974600e+02
   5.0151900e+04   1.2132700e-02  -1.0975200e+02
   5.0151950e+04   1.2119400e-02  -1.0975800e+02
   5.0152000e+04   1.2104100e-02  -1.0975200e+02
   5.0152050e+04   1.2086900e-02  -1.0975800e+02
   5.0152100e+04   1.2071700e-02  -1.0974000e+02
   5.0152150e+04   1.2058300e-02  -1.0975200e+02
   5.0152200e+04   1.2041200e-02  -1.0977000e+02
   5.0152250e+04   1.2025900e-02  -1.0976400e+02
   5.0152300e+04   1.2012500e-02  -1.0976400e+02
   5.0152350e+04   1.1995400e-02  -1.0975800e+02
   5.0152400e+04   1.1978200e-02  -1.0975200e+02
   5.0152450e+04   1.1961000e-02  -1.0975200e+02
   5.0152500e+04   1.1947700e-02  -1.0974600e+02
   5.0152550e+04   1.1932400e-02  -1.0976400e+02
   5.0152600e+04   1.1919100e-02  -1.0977000e+02
   5.0152650e+04   1.1901900e-02  -1.0978200e+02
   5.0152700e+04   1.1886700e-02  -1.0977600e+02
   5.0152750e+04   1.1871400e-02  -1.0976400e+02
   5.0152800e+04   1.1856100e-02  -1.0976400e+02
   5.0152850e+04   1.1842800e-02  -1.0974600e+02
   5.0152900e+04   1.1827500e-02  -1.0977600e+02
   5.0152950e+04   1.1812300e-02  -1.0977600e+02
   5.0153000e+04   1.1795100e-02  -1.0977600e+02
   5.0153050e+04   1.1781800e-02  -1.0977000e+02
   5.0153100e+04   1.1764600e-02  -1.0976400e+02
   5.0153150e+04   1.1751200e-02  -1.0977600e+02
   5.0153200e+04   1.1737900e-02  -1.0977000e+02
   5.0153250e+04   1.1722600e-02  -1.0977000e+02
   5.0153300e+04   1.1707400e-02  -1.0978800e+02
   5.0153350e+04   1.1692100e-02  -1.0979400e+02
   5.0153400e+04   1.1674900e-02  -1.0980600e+02
   5.0153450e+04   1.1661600e-02  -1.0980000e+02
   5.0153500e+04   1.1644400e-02  -1.0980000e+02
   5.0153550e+04   1.1631100e-02  -1.0980000e+02
   5.0153600e+04   1.1617700e-02  -1.0978800e+02
   5.0153650e+04   1.1602500e-02  -1.0980600e+02
   5.0153700e+04   1.1585300e-02  -1.0980600e+02
   5.0153750e+04   1.1573900e-02  -1.0981200e+02
   5.0153800e+04   1.1558600e-02  -1.0981200e+02
   5.0153850e+04   1.1543300e-02  -1.0980600e+02
   5.0153900e+04   1.1528100e-02  -1.0980600e+02
   5.0153950e+04   1.1512800e-02  -1.0980000e+02
   5.0154000e+04   1.1499500e-02  -1.0980600e+02
   5.0154050e+04   1.1484200e-02  -1.0981200e+02
   5.0154100e+04   1.1468900e-02  -1.0981800e+02
   5.0154150e+04   1.1455600e-02  -1.0982400e+02
   5.0154200e+04   1.1440300e-02  -1.0982400e+02
   5.0154250e+04   1.1425100e-02  -1.0982400e+02
   5.0154300e+04   1.1409800e-02  -1.0980600e+02
   5.0154350e+04   1.1394600e-02  -1.0981800e+02
   5.0154400e+04   1.1383100e-02  -1.0983000e+02
   5.0154450e+04   1.1367900e-02  -1.0982400e+02
   5.0154500e+04   1.1354500e-02  -1.0981800e+02
   5.0154550e+04   1.1339200e-02  -1.0981800e+02
   5.0154600e+04   1.1325900e-02  -1.0981800e+02
   5.0154650e+04   1.1310600e-02  -1.0981800e+02
   5.0154700e+04   1.1297300e-02  -1.0981200e+02
   5.0154750e+04   1.1282000e-02  -1.0982400e+02
   5.0154800e+04   1.1266800e-02  -1.0984200e+02
   5.0154850e+04   1.1253400e-02  -1.0984800e+02
   5.0154900e+04   1.1238200e-02  -1.0984200e+02
   5.0154950e+04   1.1224800e-02  -1.0984200e+02
   5.0155000e+04   1.1211500e-02  -1.0983600e+02
   5.0155050e+04   1.1196200e-02  -1.0983600e+02
   5.0155100e+04   1.1182800e-02  -1.0984200e+02
   5.0155150e+04   1.1169500e-02  -1.0985400e+02
   5.0155200e+04   1.1156100e-02  -1.0984200e+02
   5.0155250e+04   1.1142800e-02  -1.0984200e+02
   5.0155300e+04   1.1127500e-02  -1.0984800e+02
   5.0155350e+04   1.1114200e-02  -1.0984800e+02
   5.0155400e+04   1.1098900e-02  -1.0983600e+02
   5.0155450e+04   1.1085600e-02  -1.0984200e+02
   5.0155500e+04   1.1074100e-02  -1.0984800e+02
   5.0155550e+04   1.1058900e-02  -1.0985400e+02
   5.0155600e+04   1.1045500e-02  -1.0985400e+02
   5.0155650e+04   1.1030300e-02  -1.0985400e+02
   5.0155700e+04   1.1016900e-02  -1.0986000e+02
   5.0155750e+04   1.1003600e-02  -1.0984200e+02
   5.0155800e+04   1.0990200e-02  -1.0984800e+02
   5.0155850e+04   1.0974900e-02  -1.0984800e+02
   5.0155900e+04   1.0961600e-02  -1.0985400e+02
   5.0155950e+04   1.0948200e-02  -1.0986000e+02
   5.0156000e+04   1.0934900e-02  -1.0986600e+02
   5.0156050e+04   1.0921500e-02  -1.0986600e+02
   5.0156100e+04   1.0906300e-02  -1.0986600e+02
   5.0156150e+04   1.0892900e-02  -1.0985400e+02
   5.0156200e+04   1.0879600e-02  -1.0987200e+02
   5.0156250e+04   1.0866200e-02  -1.0986600e+02
   5.0156300e+04   1.0852900e-02  -1.0987200e+02
   5.0156350e+04   1.0839500e-02  -1.0987200e+02
   5.0156400e+04   1.0826200e-02  -1.0987800e+02
   5.0156450e+04   1.0812800e-02  -1.0986600e+02
   5.0156500e+04   1.0799500e-02  -1.0987200e+02
   5.0156550e+04   1.0786100e-02  -1.0987200e+02
   5.0156600e+04   1.0772800e-02  -1.0987800e+02
   5.0156650e+04   1.0759400e-02  -1.0988400e+02
   5.0156700e+04   1.0746100e-02  -1.0989600e+02
   5.0156750e+04   1.0732700e-02  -1.0990200e+02
   5.0156800e+04   1.0719400e-02  -1.0990800e+02
   5.0156850e+04   1.0706000e-02  -1.0988400e+02
   5.0156900e+04   1.0692700e-02  -1.0989000e+02
   5.0156950e+04   1.0679300e-02  -1.0990800e+02
   5.0157000e+04   1.0666000e-02  -1.0990200e+02
   5.0157050e+04   1.0652600e-02  -1.0988400e+02
   5.0157100e+04   1.0641200e-02  -1.0989000e+02
   5.0157150e+04   1.0627800e-02  -1.0989000e+02
   5.0157200e+04   1.0614500e-02  -1.0987800e+02
   5.0157250e+04   1.0601100e-02  -1.0989000e+02
   5.0157300e+04   1.0587800e-02  -1.0990800e+02
   5.0157350e+04   1.0576300e-02  -1.0989000e+02
   5.0157400e+04   1.0563000e-02  -1.0990800e+02
   5.0157450e+04   1.0549600e-02  -1.0991400e+02
   5.0157500e+04   1.0536300e-02  -1.0990800e+02
   5.0157550e+04   1.0522900e-02  -1.0990800e+02
   5.0157600e+04   1.0511500e-02  -1.0990200e+02
   5.0157650e+04   1.0498100e-02  -1.0991400e+02
   5.0157700e+04   1.0482800e-02  -1.0991400e+02
   5.0157750e+04   1.0471400e-02  -1.0992000e+02
   5.0157800e+04   1.0456100e-02  -1.0992000e+02
   5.0157850e+04   1.0444700e-02  -1.0992600e+02
   5.0157900e+04   1.0431300e-02  -1.0990800e+02
   5.0157950e+04   1.0419900e-02  -1.0991400e+02
   5.0158000e+04   1.0406600e-02  -1.0993200e+02
   5.0158050e+04   1.0393200e-02  -1.0995000e+02
   5.0158100e+04   1.0381800e-02  -1.0994400e+02
   5.0158150e+04   1.0368400e-02  -1.0995000e+02
   5.0158200e+04   1.0357000e-02  -1.0995600e+02
   5.0158250e+04   1.0343600e-02  -1.0995000e+02
   5.0158300e+04   1.0332200e-02  -1.0994400e+02
   5.0158350e+04   1.0316900e-02  -1.0994400e+02
   5.0158400e+04   1.0305500e-02  -1.0995600e+02
   5.0158450e+04   1.0294000e-02  -1.0996200e+02
   5.0158500e+04   1.0282600e-02  -1.0996800e+02
   5.0158550e+04   1.0269200e-02  -1.0996200e+02
   5.0158600e+04   1.0257800e-02  -1.0996200e+02
   5.0158650e+04   1.0244400e-02  -1.0995600e+02
   5.0158700e+04   1.0233000e-02  -1.0995000e+02
   5.0158750e+04   1.0219600e-02  -1.0996800e+02
   5.0158800e+04   1.0206300e-02  -1.0996200e+02
   5.0158850e+04   1.0194800e-02  -1.0996800e+02
   5.0158900e+04   1.0181500e-02  -1.0995600e+02
   5.0158950e+04   1.0166200e-02  -1.0995000e+02
   5.0159000e+04   1.0156700e-02  -1.0995600e+02
   5.0159050e+04   1.0143300e-02  -1.0993200e+02
   5.0159100e+04   1.0131900e-02  -1.0994400e+02
   5.0159150e+04   1.0120500e-02  -1.0996200e+02
   5.0159200e+04   1.0109000e-02  -1.0995000e+02
   5.0159250e+04   1.0095700e-02  -1.0996200e+02
   5.0159300e+04   1.0084200e-02  -1.0996200e+02
   5.0159350e+04   1.0070900e-02  -1.0996200e+02
   5.0159400e+04   1.0057500e-02  -1.0995600e+02
   5.0159450e+04   1.0048000e-02  -1.0995000e+02
   5.0159500e+04   1.0034600e-02  -1.0997400e+02
   5.0159550e+04   1.0023200e-02  -1.0998000e+02
   5.0159600e+04   1.0007900e-02  -1.0997400e+02
   5.0159650e+04   9.9974300e-03  -1.0997400e+02
   5.0159700e+04   9.9869400e-03  -1.0998000e+02
   5.0159750e+04   9.9745400e-03  -1.0997400e+02
   5.0159800e+04   9.9640500e-03  -1.0997400e+02
   5.0159850e+04   9.9507000e-03  -1.0998000e+02
   5.0159900e+04   9.9392500e-03  -1.0998600e+02
   5.0159950e+04   9.9268600e-03  -1.0999200e+02
   5.0160000e+04   9.9154100e-03  -1.0998600e+02
   5.0160050e+04   9.9020600e-03  -1.0999200e+02
   5.0160100e+04   9.8906200e-03  -1.0998000e+02
   5.0160150e+04   9.8791700e-03  -1.0997400e+02
   5.0160200e+04   9.8658200e-03  -1.0998600e+02
   5.0160250e+04   9.8553300e-03  -1.0999200e+02
   5.0160300e+04   9.8419800e-03  -1.0999800e+02
   5.0160350e+04   9.8305300e-03  -1.0999800e+02
   5.0160400e+04   9.8200400e-03  -1.1000400e+02
   5.0160450e+04   9.8066900e-03  -1.1000400e+02
   5.0160500e+04   9.7971600e-03  -1.0999200e+02
   5.0160550e+04   9.7838000e-03  -1.0999800e+02
   5.0160600e+04   9.7733100e-03  -1.1001600e+02
   5.0160650e+04   9.7609200e-03  -1.1000400e+02
   5.0160700e+04   9.7485200e-03  -1.1001600e+02
   5.0160750e+04   9.7380300e-03  -1.1001000e+02
   5.0160800e+04   9.7265800e-03  -1.1002200e+02
   5.0160850e+04   9.7151400e-03  -1.1001600e+02
   5.0160900e+04   9.7027400e-03  -1.1001000e+02
   5.0160950e+04   9.6893900e-03  -1.1001600e+02
   5.0161000e+04   9.6798500e-03  -1.1002800e+02
   5.0161050e+04   9.6674600e-03  -1.1002200e+02
   5.0161100e+04   9.6560100e-03  -1.1001600e+02
   5.0161150e+04   9.6445700e-03  -1.1000400e+02
   5.0161200e+04   9.6340800e-03  -1.1001000e+02
   5.0161250e+04   9.6226300e-03  -1.1001000e+02
   5.0161300e+04   9.6102400e-03  -1.1001600e+02
   5.0161350e+04   9.5987900e-03  -1.1002800e+02
   5.0161400e+04   9.5873500e-03  -1.1002800e+02
   5.0161450e+04   9.5759000e-03  -1.1002200e+02
   5.0161500e+04   9.5654100e-03  -1.1003400e+02
   5.0161550e+04   9.5539700e-03  -1.1003400e+02
   5.0161600e+04   9.5425200e-03  -1.1002200e+02
   5.0161650e+04   9.5310800e-03  -1.1002800e+02
   5.0161700e+04   9.5186800e-03  -1.1004000e+02
   5.0161750e+04   9.5101000e-03  -1.1004000e+02
   5.0161800e+04   9.4977000e-03  -1.1004000e+02
   5.0161850e+04   9.4853000e-03  -1.1003400e+02
   5.0161900e+04   9.4738600e-03  -1.1004000e+02
   5.0161950e+04   9.4633700e-03  -1.1004000e+02
   5.0162000e+04   9.4528800e-03  -1.1002800e+02
   5.0162050e+04   9.4404800e-03  -1.1003400e+02
   5.0162100e+04   9.4299900e-03  -1.1002800e+02
   5.0162150e+04   9.4175900e-03  -1.1004000e+02
   5.0162200e+04   9.4080600e-03  -1.1004000e+02
   5.0162250e+04   9.3966100e-03  -1.1004600e+02
   5.0162300e+04   9.3851700e-03  -1.1004000e+02
   5.0162350e+04   9.3746800e-03  -1.1004600e+02
   5.0162400e+04   9.3632300e-03  -1.1004600e+02
   5.0162450e+04   9.3517900e-03  -1.1005800e+02
   5.0162500e+04   9.3413000e-03  -1.1005200e+02
   5.0162550e+04   9.3298600e-03  -1.1005800e+02
   5.0162600e+04   9.3193700e-03  -1.1005200e+02
   5.0162650e+04   9.3088700e-03  -1.1005800e+02
   5.0162700e+04   9.2974300e-03  -1.1004600e+02
   5.0162750e+04   9.2859900e-03  -1.1004600e+02
   5.0162800e+04   9.2745400e-03  -1.1006400e+02
   5.0162850e+04   9.2640500e-03  -1.1005800e+02
   5.0162900e+04   9.2545200e-03  -1.1006400e+02
   5.0162950e+04   9.2421200e-03  -1.1005800e+02
   5.0163000e+04   9.2316300e-03  -1.1005800e+02
   5.0163050e+04   9.2201800e-03  -1.1006400e+02
   5.0163100e+04   9.2106500e-03  -1.1005200e+02
   5.0163150e+04   9.1992000e-03  -1.1007000e+02
   5.0163200e+04   9.1896700e-03  -1.1007000e+02
   5.0163250e+04   9.1772700e-03  -1.1007600e+02
   5.0163300e+04   9.1658200e-03  -1.1007600e+02
   5.0163350e+04   9.1562900e-03  -1.1008200e+02
   5.0163400e+04   9.1458000e-03  -1.1007600e+02
   5.0163450e+04   9.1343500e-03  -1.1008200e+02
   5.0163500e+04   9.1229100e-03  -1.1008800e+02
   5.0163550e+04   9.1133700e-03  -1.1008800e+02
   5.0163600e+04   9.1028800e-03  -1.1009400e+02
   5.0163650e+04   9.0923900e-03  -1.1008800e+02
   5.0163700e+04   9.0819000e-03  -1.1008800e+02
   5.0163750e+04   9.0704600e-03  -1.1009400e+02
   5.0163800e+04   9.0599700e-03  -1.1008200e+02
   5.0163850e+04   9.0494800e-03  -1.1009400e+02
   5.0163900e+04   9.0399400e-03  -1.1010000e+02
   5.0163950e+04   9.0294500e-03  -1.1009400e+02
   5.0164000e+04   9.0180000e-03  -1.1010000e+02
   5.0164050e+04   9.0075100e-03  -1.1010000e+02
   5.0164100e+04   8.9970200e-03  -1.1010000e+02
   5.0164150e+04   8.9865300e-03  -1.1009400e+02
   5.0164200e+04   8.9760400e-03  -1.1009400e+02
   5.0164250e+04   8.9646000e-03  -1.1010600e+02
   5.0164300e+04   8.9550600e-03  -1.1010600e+02
   5.0164350e+04   8.9445700e-03  -1.1011200e+02
   5.0164400e+04   8.9350300e-03  -1.1010600e+02
   5.0164450e+04   8.9235900e-03  -1.1011800e+02
   5.0164500e+04   8.9140500e-03  -1.1011200e+02
   5.0164550e+04   8.9026100e-03  -1.1011200e+02
   5.0164600e+04   8.8921200e-03  -1.1011200e+02
   5.0164650e+04   8.8825800e-03  -1.1012400e+02
   5.0164700e+04   8.8720900e-03  -1.1012400e+02
   5.0164750e+04   8.8606500e-03  -1.1013600e+02
   5.0164800e+04   8.8511100e-03  -1.1012400e+02
   5.0164850e+04   8.8406200e-03  -1.1011800e+02
   5.0164900e+04   8.8310800e-03  -1.1010000e+02
   5.0164950e+04   8.8205900e-03  -1.1011200e+02
   5.0165000e+04   8.8101000e-03  -1.1013000e+02
   5.0165050e+04   8.7996100e-03  -1.1012400e+02
   5.0165100e+04   8.7891200e-03  -1.1011200e+02
   5.0165150e+04   8.7786300e-03  -1.1010600e+02
   5.0165200e+04   8.7700500e-03  -1.1010600e+02
   5.0165250e+04   8.7586000e-03  -1.1009400e+02
   5.0165300e+04   8.7481100e-03  -1.1008800e+02
   5.0165350e+04   8.7385800e-03  -1.1010600e+02
   5.0165400e+04   8.7280900e-03  -1.1010600e+02
   5.0165450e+04   8.7176000e-03  -1.1011200e+02
   5.0165500e+04   8.7071100e-03  -1.1011800e+02
   5.0165550e+04   8.6975700e-03  -1.1012400e+02
   5.0165600e+04   8.6880300e-03  -1.1010600e+02
   5.0165650e+04   8.6785000e-03  -1.1011200e+02
   5.0165700e+04   8.6670500e-03  -1.1011200e+02
   5.0165750e+04   8.6565600e-03  -1.1011800e+02
   5.0165800e+04   8.6479800e-03  -1.1011800e+02
   5.0165850e+04   8.6384400e-03  -1.1013000e+02
   5.0165900e+04   8.6279500e-03  -1.1012400e+02
   5.0165950e+04   8.6174600e-03  -1.1013000e+02
   5.0166000e+04   8.6079200e-03  -1.1011800e+02
   5.0166050e+04   8.5974300e-03  -1.1012400e+02
   5.0166100e+04   8.5879000e-03  -1.1011800e+02
   5.0166150e+04   8.5764500e-03  -1.1013000e+02
   5.0166200e+04   8.5688200e-03  -1.1013600e+02
   5.0166250e+04   8.5573800e-03  -1.1013600e+02
   5.0166300e+04   8.5488000e-03  -1.1013600e+02
   5.0166350e+04   8.5383100e-03  -1.1013000e+02
   5.0166400e+04   8.5287700e-03  -1.1011200e+02
   5.0166450e+04   8.5182800e-03  -1.1014200e+02
   5.0166500e+04   8.5087400e-03  -1.1014200e+02
   5.0166550e+04   8.4982500e-03  -1.1013600e+02
   5.0166600e+04   8.4896700e-03  -1.1013600e+02
   5.0166650e+04   8.4791800e-03  -1.1013000e+02
   5.0166700e+04   8.4696400e-03  -1.1013000e+02
   5.0166750e+04   8.4601000e-03  -1.1013000e+02
   5.0166800e+04   8.4505700e-03  -1.1013600e+02
   5.0166850e+04   8.4400800e-03  -1.1013600e+02
   5.0166900e+04   8.4305400e-03  -1.1014800e+02
   5.0166950e+04   8.4200500e-03  -1.1015400e+02
   5.0167000e+04   8.4124200e-03  -1.1015400e+02
   5.0167050e+04   8.4028800e-03  -1.1015400e+02
   5.0167100e+04   8.3923900e-03  -1.1014800e+02
   5.0167150e+04   8.3819000e-03  -1.1014800e+02
   5.0167200e+04   8.3723700e-03  -1.1015400e+02
   5.0167250e+04   8.3628300e-03  -1.1015400e+02
   5.0167300e+04   8.3532900e-03  -1.1016000e+02
   5.0167350e+04   8.3447100e-03  -1.1016000e+02
   5.0167400e+04   8.3332700e-03  -1.1016000e+02
   5.0167450e+04   8.3246800e-03  -1.1014200e+02
   5.0167500e+04   8.3141900e-03  -1.1014800e+02
   5.0167550e+04   8.3065600e-03  -1.1016000e+02
   5.0167600e+04   8.2960700e-03  -1.1016600e+02
   5.0167650e+04   8.2865400e-03  -1.1016600e+02
   5.0167700e+04   8.2770000e-03  -1.1015400e+02
   5.0167750e+04   8.2674600e-03  -1.1015400e+02
   5.0167800e+04   8.2579300e-03  -1.1014800e+02
   5.0167850e+04   8.2493400e-03  -1.1014200e+02
   5.0167900e+04   8.2398100e-03  -1.1015400e+02
   5.0167950e+04   8.2302700e-03  -1.1016600e+02
   5.0168000e+04   8.2226400e-03  -1.1017200e+02
   5.0168050e+04   8.2112000e-03  -1.1015400e+02
   5.0168100e+04   8.2026100e-03  -1.1016000e+02
   5.0168150e+04   8.1930800e-03  -1.1016000e+02
   5.0168200e+04   8.1844900e-03  -1.1014200e+02
   5.0168250e+04   8.1740000e-03  -1.1016000e+02
   5.0168300e+04   8.1654200e-03  -1.1016600e+02
   5.0168350e+04   8.1568400e-03  -1.1016600e+02
   5.0168400e+04   8.1453900e-03  -1.1016600e+02
   5.0168450e+04   8.1377600e-03  -1.1017200e+02
   5.0168500e+04   8.1272700e-03  -1.1017200e+02
   5.0168550e+04   8.1186900e-03  -1.1017200e+02
   5.0168600e+04   8.1101100e-03  -1.1017200e+02
   5.0168650e+04   8.1005700e-03  -1.1017800e+02
   5.0168700e+04   8.0900800e-03  -1.1017800e+02
   5.0168750e+04   8.0815000e-03  -1.1018400e+02
   5.0168800e+04   8.0710100e-03  -1.1019000e+02
   5.0168850e+04   8.0633800e-03  -1.1019000e+02
   5.0168900e+04   8.0528900e-03  -1.1018400e+02
   5.0168950e+04   8.0443000e-03  -1.1018400e+02
   5.0169000e+04   8.0366700e-03  -1.1019000e+02
   5.0169050e+04   8.0261800e-03  -1.1020800e+02
   5.0169100e+04   8.0176000e-03  -1.1020200e+02
   5.0169150e+04   8.0090200e-03  -1.1019600e+02
   5.0169200e+04   7.9994800e-03  -1.1019600e+02
   5.0169250e+04   7.9909000e-03  -1.1019600e+02
   5.0169300e+04   7.9813600e-03  -1.1018400e+02
   5.0169350e+04   7.9727800e-03  -1.1019600e+02
   5.0169400e+04   7.9632400e-03  -1.1020200e+02
   5.0169450e+04   7.9527500e-03  -1.1019600e+02
   5.0169500e+04   7.9451200e-03  -1.1021400e+02
   5.0169550e+04   7.9355800e-03  -1.1021400e+02
   5.0169600e+04   7.9270000e-03  -1.1020800e+02
   5.0169650e+04   7.9184200e-03  -1.1017800e+02
   5.0169700e+04   7.9079300e-03  -1.1019600e+02
   5.0169750e+04   7.9012500e-03  -1.1019600e+02
   5.0169800e+04   7.8917100e-03  -1.1019600e+02
   5.0169850e+04   7.8821800e-03  -1.1019600e+02
   5.0169900e+04   7.8735900e-03  -1.1019600e+02
   5.0169950e+04   7.8650100e-03  -1.1019000e+02
   5.0170000e+04   7.8554700e-03  -1.1017800e+02
   5.0170050e+04   7.8459400e-03  -1.1018400e+02
   5.0170100e+04   7.8383100e-03  -1.1020200e+02
   5.0170150e+04   7.8287700e-03  -1.1020200e+02
   5.0170200e+04   7.8211400e-03  -1.1019600e+02
   5.0170250e+04   7.8106200e-03  -1.1020200e+02
   5.0170300e+04   7.8029900e-03  -1.1020800e+02
   5.0170350e+04   7.7934600e-03  -1.1020800e+02
   5.0170400e+04   7.7867800e-03  -1.1020200e+02
   5.0170450e+04   7.7772400e-03  -1.1021400e+02
   5.0170500e+04   7.7667500e-03  -1.1022600e+02
   5.0170550e+04   7.7581700e-03  -1.1021400e+02
   5.0170600e+04   7.7514900e-03  -1.1022000e+02
   5.0170650e+04   7.7419600e-03  -1.1020800e+02
   5.0170700e+04   7.7333700e-03  -1.1020800e+02
   5.0170750e+04   7.7247900e-03  -1.1020200e+02
   5.0170800e+04   7.7152600e-03  -1.1020200e+02
   5.0170850e+04   7.7057200e-03  -1.1022000e+02
   5.0170900e+04   7.6980900e-03  -1.1022000e+02
   5.0170950e+04   7.6895100e-03  -1.1022000e+02
   5.0171000e+04   7.6799700e-03  -1.1022000e+02
   5.0171050e+04   7.6732900e-03  -1.1021400e+02
   5.0171100e+04   7.6637600e-03  -1.1020800e+02
   5.0171150e+04   7.6532700e-03  -1.1020200e+02
   5.0171200e+04   7.6465900e-03  -1.1020200e+02
   5.0171250e+04   7.6380100e-03  -1.1022000e+02
   5.0171300e+04   7.6294200e-03  -1.1023800e+02
   5.0171350e+04   7.6217900e-03  -1.1023200e+02
   5.0171400e+04   7.6122600e-03  -1.1023200e+02
   5.0171450e+04   7.6036800e-03  -1.1022000e+02
   5.0171500e+04   7.5950900e-03  -1.1021400e+02
   5.0171550e+04   7.5865100e-03  -1.1022600e+02
   5.0171600e+04   7.5788800e-03  -1.1022600e+02
   5.0171650e+04   7.5693400e-03  -1.1023200e+02
   5.0171700e+04   7.5607600e-03  -1.1023800e+02
   5.0171750e+04   7.5521800e-03  -1.1023200e+02
   5.0171800e+04   7.5445500e-03  -1.1023800e+02
   5.0171850e+04   7.5359600e-03  -1.1022000e+02
   5.0171900e+04   7.5273800e-03  -1.1023800e+02
   5.0171950e+04   7.5188000e-03  -1.1023800e+02
   5.0172000e+04   7.5111700e-03  -1.1023800e+02
   5.0172050e+04   7.5016300e-03  -1.1025000e+02
   5.0172100e+04   7.4949600e-03  -1.1023800e+02
   5.0172150e+04   7.4863700e-03  -1.1023200e+02
   5.0172200e+04   7.4777900e-03  -1.1022600e+02
   5.0172250e+04   7.4682500e-03  -1.1023200e+02
   5.0172300e+04   7.4606200e-03  -1.1024400e+02
   5.0172350e+04   7.4520400e-03  -1.1025000e+02
   5.0172400e+04   7.4453700e-03  -1.1024400e+02
   5.0172450e+04   7.4367800e-03  -1.1025600e+02
   5.0172500e+04   7.4272500e-03  -1.1025600e+02
   5.0172550e+04   7.4186600e-03  -1.1023200e+02
   5.0172600e+04   7.4100800e-03  -1.1022000e+02
   5.0172650e+04   7.4024500e-03  -1.1023800e+02
   5.0172700e+04   7.4167500e-03  -1.1025000e+02
   5.0172750e+04   7.3852800e-03  -1.1025000e+02
   5.0172800e+04   7.3852800e-03  -1.1023800e+02
   5.0172850e+04   7.3700200e-03  -1.1023800e+02
   5.0172900e+04   7.3614400e-03  -1.1023200e+02
   5.0172950e+04   7.3538100e-03  -1.1022600e+02
   5.0173000e+04   7.3442800e-03  -1.1022600e+02
   5.0173050e+04   7.3366500e-03  -1.1023200e+02
   5.0173100e+04   7.3290200e-03  -1.1024400e+02
   5.0173150e+04   7.3204300e-03  -1.1023800e+02
   5.0173200e+04   7.3128000e-03  -1.1024400e+02
   5.0173250e+04   7.3051800e-03  -1.1025000e+02
   5.0173300e+04   7.2975500e-03  -1.1023800e+02
   5.0173350e+04   7.2889600e-03  -1.1024400e+02
   5.0173400e+04   7.2794300e-03  -1.1023800e+02
   5.0173450e+04   7.2727500e-03  -1.1024400e+02
   5.0173500e+04   7.2641700e-03  -1.1025600e+02
   5.0173550e+04   7.2555800e-03  -1.1025600e+02
   5.0173600e+04   7.2479500e-03  -1.1025000e+02
   5.0173650e+04   7.2393700e-03  -1.1025000e+02
   5.0173700e+04   7.2317400e-03  -1.1023800e+02
   5.0173750e+04   7.2241100e-03  -1.1026200e+02
   5.0173800e+04   7.2155300e-03  -1.1026800e+02
   5.0173850e+04   7.2079000e-03  -1.1027400e+02
   5.0173900e+04   7.1993200e-03  -1.1027400e+02
   5.0173950e+04   7.1926400e-03  -1.1028000e+02
   5.0174000e+04   7.1840600e-03  -1.1027400e+02
   5.0174050e+04   7.1754800e-03  -1.1026800e+02
   5.0174100e+04   7.1678500e-03  -1.1028600e+02
   5.0174150e+04   7.1602200e-03  -1.1027400e+02
   5.0174200e+04   7.1506800e-03  -1.1027400e+02
   5.0174250e+04   7.1440000e-03  -1.1026800e+02
   5.0174300e+04   7.1354200e-03  -1.1026800e+02
   5.0174350e+04   7.1287500e-03  -1.1026200e+02
   5.0174400e+04   7.1201600e-03  -1.1026200e+02
   5.0174450e+04   7.1115800e-03  -1.1026200e+02
   5.0174500e+04   7.1049000e-03  -1.1026800e+02
   5.0174550e+04   7.0972700e-03  -1.1027400e+02
   5.0174600e+04   7.0896400e-03  -1.1028000e+02
   5.0174650e+04   7.0810600e-03  -1.1028000e+02
   5.0174700e+04   7.0734300e-03  -1.1027400e+02
   5.0174750e+04   7.0648500e-03  -1.1026800e+02
   5.0174800e+04   7.0581700e-03  -1.1026800e+02
   5.0174850e+04   7.0505400e-03  -1.1029200e+02
   5.0174900e+04   7.0419600e-03  -1.1029200e+02
   5.0174950e+04   7.0619900e-03  -1.1029800e+02
   5.0175000e+04   7.0267000e-03  -1.1028600e+02
   5.0175050e+04   7.0181200e-03  -1.1028600e+02
   5.0175100e+04   7.0114400e-03  -1.1028000e+02
   5.0175150e+04   7.0028600e-03  -1.1028000e+02
   5.0175200e+04   7.0124000e-03  -1.1029200e+02
   5.0175250e+04   7.0104900e-03  -1.1028600e+02
   5.0175300e+04   6.9809300e-03  -1.1028600e+02
   5.0175350e+04   6.9713900e-03  -1.1029200e+02
   5.0175400e+04   6.9656700e-03  -1.1029800e+02
   5.0175450e+04   6.9570800e-03  -1.1029200e+02
   5.0175500e+04   6.9494500e-03  -1.1028600e+02
   5.0175550e+04   6.9408700e-03  -1.1029200e+02
   5.0175600e+04   6.9342000e-03  -1.1029800e+02
   5.0175650e+04   6.9265700e-03  -1.1029200e+02
   5.0175700e+04   6.9189400e-03  -1.1031000e+02
   5.0175750e+04   6.9113100e-03  -1.1029200e+02
   5.0175800e+04   6.9027200e-03  -1.1028000e+02
   5.0175850e+04   6.8960500e-03  -1.1028600e+02
   5.0175900e+04   6.8884200e-03  -1.1028600e+02
   5.0175950e+04   6.8807900e-03  -1.1028600e+02
   5.0176000e+04   6.8741100e-03  -1.1029200e+02
   5.0176050e+04   6.8664800e-03  -1.1029800e+02
   5.0176100e+04   6.8588600e-03  -1.1029200e+02
   5.0176150e+04   6.8512300e-03  -1.1029200e+02
   5.0176200e+04   6.8436000e-03  -1.1029200e+02
   5.0176250e+04   6.8359700e-03  -1.1028600e+02
   5.0176300e+04   6.8283400e-03  -1.1028600e+02
   5.0176350e+04   6.8207100e-03  -1.1029800e+02
   5.0176400e+04   6.8140300e-03  -1.1030400e+02
   5.0176450e+04   6.8073600e-03  -1.1031000e+02
   5.0176500e+04   6.7987700e-03  -1.1031000e+02
   5.0176550e+04   6.7921000e-03  -1.1029800e+02
   5.0176600e+04   6.7835200e-03  -1.1028600e+02
   5.0176650e+04   6.7768400e-03  -1.1029200e+02
   5.0176700e+04   6.7692100e-03  -1.1031000e+02
   5.0176750e+04   6.7615800e-03  -1.1030400e+02
   5.0176800e+04   6.7549000e-03  -1.1032200e+02
   5.0176850e+04   6.7472800e-03  -1.1031000e+02
   5.0176900e+04   6.7396500e-03  -1.1031600e+02
   5.0176950e+04   6.7320200e-03  -1.1029200e+02
   5.0177000e+04   6.7234300e-03  -1.1029800e+02
   5.0177050e+04   6.7167600e-03  -1.1031600e+02
   5.0177100e+04   6.7100800e-03  -1.1031600e+02
   5.0177150e+04   6.7024500e-03  -1.1031000e+02
   5.0177200e+04   6.6957800e-03  -1.1031000e+02
   5.0177250e+04   6.6862400e-03  -1.1030400e+02
   5.0177300e+04   6.6795600e-03  -1.1030400e+02
   5.0177350e+04   6.6728900e-03  -1.1029200e+02
   5.0177400e+04   6.6662100e-03  -1.1032200e+02
   5.0177450e+04   6.6585800e-03  -1.1031600e+02
   5.0177500e+04   6.6519100e-03  -1.1031000e+02
   5.0177550e+04   6.6423700e-03  -1.1032200e+02
   5.0177600e+04   6.6366500e-03  -1.1032200e+02
   5.0177650e+04   6.6280700e-03  -1.1031600e+02
   5.0177700e+04   6.6233000e-03  -1.1031000e+02
   5.0177750e+04   6.6147100e-03  -1.1031600e+02
   5.0177800e+04   6.6070900e-03  -1.1032200e+02
   5.0177850e+04   6.6004100e-03  -1.1032800e+02
   5.0177900e+04   6.5927800e-03  -1.1032800e+02
   5.0177950e+04   6.5851500e-03  -1.1032800e+02
   5.0178000e+04   6.5803800e-03  -1.1033400e+02
   5.0178050e+04   6.5708500e-03  -1.1031600e+02
   5.0178100e+04   6.5641700e-03  -1.1032800e+02
   5.0178150e+04   6.5574900e-03  -1.1033400e+02
   5.0178200e+04   6.5498700e-03  -1.1033400e+02
   5.0178250e+04   6.5431900e-03  -1.1034000e+02
   5.0178300e+04   6.5365100e-03  -1.1033400e+02
   5.0178350e+04   6.5288800e-03  -1.1033400e+02
   5.0178400e+04   6.5222100e-03  -1.1031600e+02
   5.0178450e+04   6.5145800e-03  -1.1032800e+02
   5.0178500e+04   6.5069500e-03  -1.1034600e+02
   5.0178550e+04   6.5012300e-03  -1.1034000e+02
   5.0178600e+04   6.4936000e-03  -1.1033400e+02
   5.0178650e+04   6.4869200e-03  -1.1032800e+02
   5.0178700e+04   6.4802500e-03  -1.1034000e+02
   5.0178750e+04   6.4726200e-03  -1.1034000e+02
   5.0178800e+04   6.4640300e-03  -1.1033400e+02
   5.0178850e+04   6.4583100e-03  -1.1035200e+02
   5.0178900e+04   6.4516400e-03  -1.1034000e+02
   5.0178950e+04   6.4440100e-03  -1.1035800e+02
   5.0179000e+04   6.4363800e-03  -1.1034600e+02
   5.0179050e+04   6.4297000e-03  -1.1034000e+02
   5.0179100e+04   6.4220700e-03  -1.1033400e+02
   5.0179150e+04   6.4154000e-03  -1.1033400e+02
   5.0179200e+04   6.4096700e-03  -1.1034600e+02
   5.0179250e+04   6.4020500e-03  -1.1034000e+02
   5.0179300e+04   6.3944200e-03  -1.1034000e+02
   5.0179350e+04   6.3886900e-03  -1.1035200e+02
   5.0179400e+04   6.3810600e-03  -1.1034600e+02
   5.0179450e+04   6.3734400e-03  -1.1035200e+02
   5.0179500e+04   6.3667600e-03  -1.1034000e+02
   5.0179550e+04   6.3600800e-03  -1.1034600e+02
   5.0179600e+04   6.3534100e-03  -1.1035200e+02
   5.0179650e+04   6.3467300e-03  -1.1036400e+02
   5.0179700e+04   6.3400600e-03  -1.1035800e+02
   5.0179750e+04   6.3324300e-03  -1.1035800e+02
   5.0179800e+04   6.3267100e-03  -1.1036400e+02
   5.0179850e+04   6.3200300e-03  -1.1035200e+02
   5.0179900e+04   6.3124000e-03  -1.1036400e+02
   5.0179950e+04   6.3057200e-03  -1.1037000e+02
   5.0180000e+04   6.2990500e-03  -1.1037000e+02
   5.0180050e+04   6.2914200e-03  -1.1035800e+02
   5.0180100e+04   6.2847400e-03  -1.1036400e+02
   5.0180150e+04   6.2780700e-03  -1.1035800e+02
   5.0180200e+04   6.2713900e-03  -1.1035200e+02
   5.0180250e+04   6.2647200e-03  -1.1035800e+02
   5.0180300e+04   6.2580400e-03  -1.1035200e+02
   5.0180350e+04   6.2513600e-03  -1.1035200e+02
   5.0180400e+04   6.2446900e-03  -1.1036400e+02
   5.0180450e+04   6.2380100e-03  -1.1036400e+02
   5.0180500e+04   6.2303800e-03  -1.1036400e+02
   5.0180550e+04   6.2237100e-03  -1.1037000e+02
   5.0180600e+04   6.2189400e-03  -1.1036400e+02
   5.0180650e+04   6.2113100e-03  -1.1037000e+02
   5.0180700e+04   6.2046300e-03  -1.1037600e+02
   5.0180750e+04   6.1979600e-03  -1.1037600e+02
   5.0180800e+04   6.1922400e-03  -1.1037000e+02
   5.0180850e+04   6.1836500e-03  -1.1037600e+02
   5.0180900e+04   6.1769800e-03  -1.1035800e+02
   5.0180950e+04   6.1693500e-03  -1.1035200e+02
   5.0181000e+04   6.1636300e-03  -1.1037000e+02
   5.0181050e+04   6.1588600e-03  -1.1038200e+02
   5.0181100e+04   6.1502800e-03  -1.1037600e+02
   5.0181150e+04   6.1436000e-03  -1.1037600e+02
   5.0181200e+04   6.1378800e-03  -1.1038200e+02
   5.0181250e+04   6.1302500e-03  -1.1038200e+02
   5.0181300e+04   6.1235700e-03  -1.1037000e+02
   5.0181350e+04   6.1169000e-03  -1.1037600e+02
   5.0181400e+04   6.1102200e-03  -1.1037600e+02
   5.0181450e+04   6.1045000e-03  -1.1037600e+02
   5.0181500e+04   6.0968700e-03  -1.1038200e+02
   5.0181550e+04   6.0911500e-03  -1.1038200e+02
   5.0181600e+04   6.0835200e-03  -1.1038200e+02
   5.0181650e+04   6.0768400e-03  -1.1038200e+02
   5.0181700e+04   6.0720700e-03  -1.1037000e+02
   5.0181750e+04   6.0644400e-03  -1.1039400e+02
   5.0181800e+04   6.0577700e-03  -1.1038800e+02
   5.0181850e+04   6.0520500e-03  -1.1039400e+02
   5.0181900e+04   6.0434600e-03  -1.1039400e+02
   5.0181950e+04   6.0377400e-03  -1.1037600e+02
   5.0182000e+04   6.0310700e-03  -1.1037600e+02
   5.0182050e+04   6.0243900e-03  -1.1037000e+02
   5.0182100e+04   6.0196200e-03  -1.1038800e+02
   5.0182150e+04   6.0119900e-03  -1.1038200e+02
   5.0182200e+04   6.0081800e-03  -1.1038800e+02
   5.0182250e+04   5.9995900e-03  -1.1038800e+02
   5.0182300e+04   5.9929200e-03  -1.1037600e+02
   5.0182350e+04   5.9862400e-03  -1.1037600e+02
   5.0182400e+04   5.9795700e-03  -1.1036400e+02
   5.0182450e+04   5.9728900e-03  -1.1037600e+02
   5.0182500e+04   5.9671700e-03  -1.1038200e+02
   5.0182550e+04   5.9604900e-03  -1.1039400e+02
   5.0182600e+04   5.9547700e-03  -1.1040000e+02
   5.0182650e+04   5.9481000e-03  -1.1039400e+02
   5.0182700e+04   5.9414200e-03  -1.1037600e+02
   5.0182750e+04   5.9357000e-03  -1.1036400e+02
   5.0182800e+04   5.9280700e-03  -1.1037000e+02
   5.0182850e+04   5.9223500e-03  -1.1038800e+02
   5.0182900e+04   5.9147200e-03  -1.1038200e+02
   5.0182950e+04   5.9099500e-03  -1.1038200e+02
   5.0183000e+04   5.9032700e-03  -1.1038800e+02
   5.0183050e+04   5.8966000e-03  -1.1038200e+02
   5.0183100e+04   5.8899200e-03  -1.1038200e+02
   5.0183150e+04   5.8842000e-03  -1.1038200e+02
   5.0183200e+04   5.8775200e-03  -1.1038200e+02
   5.0183250e+04   5.8718000e-03  -1.1038800e+02
   5.0183300e+04   5.8651300e-03  -1.1039400e+02
   5.0183350e+04   5.8575000e-03  -1.1039400e+02
   5.0183400e+04   5.8527300e-03  -1.1038800e+02
   5.0183450e+04   5.8460500e-03  -1.1037000e+02
   5.0183500e+04   5.8393800e-03  -1.1037600e+02
   5.0183550e+04   5.8327000e-03  -1.1038200e+02
   5.0183600e+04   5.8269800e-03  -1.1038200e+02
   5.0183650e+04   5.8212600e-03  -1.1039400e+02
   5.0183700e+04   5.8155400e-03  -1.1039400e+02
   5.0183750e+04   5.8079100e-03  -1.1039400e+02
   5.0183800e+04   5.8031400e-03  -1.1038800e+02
   5.0183850e+04   5.7955100e-03  -1.1037600e+02
   5.0183900e+04   5.7897900e-03  -1.1037000e+02
   5.0183950e+04   5.7831100e-03  -1.1038200e+02
   5.0184000e+04   5.7773900e-03  -1.1038800e+02
   5.0184050e+04   5.7707100e-03  -1.1038800e+02
   5.0184100e+04   5.7640400e-03  -1.1038200e+02
   5.0184150e+04   5.7583200e-03  -1.1039400e+02
   5.0184200e+04   5.7516400e-03  -1.1038800e+02
   5.0184250e+04   5.7459200e-03  -1.1038200e+02
   5.0184300e+04   5.7402000e-03  -1.1040000e+02
   5.0184350e+04   5.7344700e-03  -1.1040000e+02
   5.0184400e+04   5.7268400e-03  -1.1040000e+02
   5.0184450e+04   5.7220800e-03  -1.1039400e+02
   5.0184500e+04   5.7154000e-03  -1.1040000e+02
   5.0184550e+04   5.7087200e-03  -1.1039400e+02
   5.0184600e+04   5.7020500e-03  -1.1039400e+02
   5.0184650e+04   5.6953700e-03  -1.1040600e+02
   5.0184700e+04   5.6915600e-03  -1.1041200e+02
   5.0184750e+04   5.6848800e-03  -1.1040000e+02
   5.0184800e+04   5.6791600e-03  -1.1039400e+02
   5.0184850e+04   5.6724800e-03  -1.1037600e+02
   5.0184900e+04   5.6667600e-03  -1.1037600e+02
   5.0184950e+04   5.6600900e-03  -1.1037000e+02
   5.0185000e+04   5.6543600e-03  -1.1038200e+02
   5.0185050e+04   5.6476900e-03  -1.1038200e+02
   5.0185100e+04   5.6410100e-03  -1.1038800e+02
   5.0185150e+04   5.6362500e-03  -1.1039400e+02
   5.0185200e+04   5.6295700e-03  -1.1039400e+02
   5.0185250e+04   5.6228900e-03  -1.1038800e+02
   5.0185300e+04   5.6181300e-03  -1.1038800e+02
   5.0185350e+04   5.6114500e-03  -1.1038200e+02
   5.0185400e+04   5.6057300e-03  -1.1038800e+02
   5.0185450e+04   5.6000100e-03  -1.1040600e+02
   5.0185500e+04   5.5942800e-03  -1.1041200e+02
   5.0185550e+04   5.5876100e-03  -1.1040000e+02
   5.0185600e+04   5.5809300e-03  -1.1039400e+02
   5.0185650e+04   5.5752100e-03  -1.1039400e+02
   5.0185700e+04   5.5694900e-03  -1.1039400e+02
   5.0185750e+04   5.5628100e-03  -1.1041200e+02
   5.0185800e+04   5.5580400e-03  -1.1041200e+02
   5.0185850e+04   5.5523200e-03  -1.1041200e+02
   5.0185900e+04   5.5456500e-03  -1.1041200e+02
   5.0185950e+04   5.5399200e-03  -1.1041200e+02
   5.0186000e+04   5.5342000e-03  -1.1041800e+02
   5.0186050e+04   5.5275300e-03  -1.1040600e+02
   5.0186100e+04   5.5208500e-03  -1.1043000e+02
   5.0186150e+04   5.5160800e-03  -1.1043600e+02
   5.0186200e+04   5.5103600e-03  -1.1043000e+02
   5.0186250e+04   5.5036800e-03  -1.1043000e+02
   5.0186300e+04   5.4970100e-03  -1.1042400e+02
   5.0186350e+04   5.4922400e-03  -1.1043000e+02
   5.0186400e+04   5.4874700e-03  -1.1041800e+02
   5.0186450e+04   5.4798400e-03  -1.1043000e+02
   5.0186500e+04   5.4741200e-03  -1.1042400e+02
   5.0186550e+04   5.4693500e-03  -1.1042400e+02
   5.0186600e+04   5.4636300e-03  -1.1043000e+02
   5.0186650e+04   5.4569500e-03  -1.1043000e+02
   5.0186700e+04   5.4502800e-03  -1.1043600e+02
   5.0186750e+04   5.4455100e-03  -1.1041200e+02
   5.0186800e+04   5.4388300e-03  -1.1043000e+02
   5.0186850e+04   5.4331100e-03  -1.1044200e+02
   5.0186900e+04   5.4273900e-03  -1.1043600e+02
   5.0186950e+04   5.4216700e-03  -1.1042400e+02
   5.0187000e+04   5.4159500e-03  -1.1043000e+02
   5.0187050e+04   5.4102200e-03  -1.1043600e+02
   5.0187100e+04   5.4045000e-03  -1.1043000e+02
   5.0187150e+04   5.3987800e-03  -1.1043000e+02
   5.0187200e+04   5.3930600e-03  -1.1043600e+02
   5.0187250e+04   5.3863800e-03  -1.1044800e+02
   5.0187300e+04   5.3816100e-03  -1.1044200e+02
   5.0187350e+04   5.3758900e-03  -1.1043600e+02
   5.0187400e+04   5.3701700e-03  -1.1044200e+02
   5.0187450e+04   5.3644500e-03  -1.1044200e+02
   5.0187500e+04   5.3587300e-03  -1.1043000e+02
   5.0187550e+04   5.3520500e-03  -1.1045400e+02
   5.0187600e+04   5.3482400e-03  -1.1044800e+02
   5.0187650e+04   5.3415600e-03  -1.1045400e+02
   5.0187700e+04   5.3348800e-03  -1.1043600e+02
   5.0187750e+04   5.3301200e-03  -1.1043000e+02
   5.0187800e+04   5.3243900e-03  -1.1043600e+02
   5.0187850e+04   5.3177200e-03  -1.1042400e+02
   5.0187900e+04   5.3129500e-03  -1.1041800e+02
   5.0187950e+04   5.3072300e-03  -1.1044200e+02
   5.0188000e+04   5.3015100e-03  -1.1043600e+02
   5.0188050e+04   5.2957800e-03  -1.1043600e+02
   5.0188100e+04   5.2900600e-03  -1.1043000e+02
